trip,obs,country,city,mode,mode2,route,wo,ac,crowd,co2,lnco2,over,season
1,1,0,0,2,3,0,1,2,1,553,6.315358002,0,Spring
1,2,0,0,2,3,0,1,2,1,566,6.338594078,0,Spring
1,3,0,0,2,3,0,1,2,1,552,6.313548046,0,Spring
1,4,0,0,2,3,0,1,2,1,551,6.311734809,0,Spring
1,5,0,0,2,3,0,1,2,1,596,6.390240667,0,Spring
1,6,0,0,2,3,0,1,2,1,592,6.383506635,0,Spring
1,7,0,0,2,3,0,1,2,1,609,6.411818268,0,Spring
1,8,0,0,2,3,0,1,2,1,620,6.429719478,0,Spring
1,9,0,0,2,3,0,1,2,1,606,6.406879986,0,Spring
1,10,0,0,2,3,0,1,2,1,570,6.345636361,0,Spring
1,11,0,0,2,3,0,1,2,1,580,6.363028104,0,Spring
1,12,0,0,2,3,0,1,2,1,579,6.361302478,0,Spring
1,13,0,0,2,3,0,1,2,1,563,6.333279628,0,Spring
1,14,0,0,2,3,0,1,2,1,611,6.415096959,0,Spring
1,15,0,0,2,3,0,1,2,1,490,6.194405391,0,Spring
1,16,0,0,2,3,0,1,2,1,673,6.51174533,0,Spring
2,1,0,0,1,1,3,1,2,3,673,6.51174533,0,Spring
2,2,0,0,1,1,3,1,2,3,858,6.754604099,0,Spring
2,3,0,0,1,1,3,1,2,3,1074,6.979145275,1,Spring
2,4,0,0,1,1,3,1,2,3,1210,7.098375639,1,Spring
2,5,0,0,1,1,3,1,2,3,1260,7.138867,1,Spring
2,6,0,0,1,1,3,1,2,3,1189,7.080867897,1,Spring
2,7,0,0,1,1,3,1,2,3,1237,7.120444372,1,Spring
2,8,0,0,1,1,3,1,2,3,1256,7.135687347,1,Spring
2,9,0,0,1,1,3,1,2,3,1318,7.183870715,1,Spring
2,10,0,0,1,1,3,1,2,3,1393,7.239214974,1,Spring
2,11,0,0,1,1,3,1,2,3,1472,7.294377299,1,Spring
2,12,0,0,1,1,3,1,2,3,1380,7.229838778,1,Spring
2,13,0,0,1,1,3,1,2,3,1409,7.250635512,1,Spring
2,14,0,0,1,1,3,1,2,3,1524,7.329093736,1,Spring
2,15,0,0,1,1,3,1,2,3,1475,7.296413269,1,Spring
2,16,0,0,1,1,3,1,2,3,563,6.333279628,0,Spring
3,1,0,0,2,3,0,1,2,2,600,6.396929655,0,Spring
3,2,0,0,2,3,0,1,2,2,573,6.350885717,0,Spring
3,3,0,0,2,3,0,1,2,2,548,6.306275287,0,Spring
3,4,0,0,2,3,0,1,2,2,531,6.274762021,0,Spring
3,5,0,0,2,3,0,1,2,2,552,6.313548046,0,Spring
3,6,0,0,2,3,0,1,2,2,553,6.315358002,0,Spring
3,7,0,0,2,3,0,1,2,2,590,6.380122537,0,Spring
3,8,0,0,2,3,0,1,2,2,590,6.380122537,0,Spring
3,9,0,0,2,3,0,1,2,2,581,6.364750757,0,Spring
3,10,0,0,2,3,0,1,2,2,572,6.349138991,0,Spring
3,11,0,0,2,3,0,1,2,2,532,6.276643489,0,Spring
3,12,0,0,2,3,0,1,2,2,530,6.272877007,0,Spring
3,13,0,0,2,3,0,1,2,2,524,6.261491684,0,Spring
3,14,0,0,2,3,0,1,2,2,532,6.276643489,0,Spring
3,15,0,0,2,3,0,1,2,2,476,6.165417854,0,Spring
4,1,0,0,1,1,3,1,2,2,640,6.461468176,0,Spring
4,2,0,0,1,1,3,1,2,2,793,6.675823222,0,Spring
4,3,0,0,1,1,3,1,2,2,902,6.80461452,0,Spring
4,4,0,0,1,1,3,1,2,2,1018,6.925595197,1,Spring
4,5,0,0,1,1,3,1,2,2,1161,7.057036982,1,Spring
4,6,0,0,1,1,3,1,2,2,1222,7.10824414,1,Spring
4,7,0,0,1,1,3,1,2,2,1354,7.210818453,1,Spring
4,8,0,0,1,1,3,1,2,2,1421,7.259116128,1,Spring
4,9,0,0,1,1,3,1,2,2,1451,7.280008253,1,Spring
4,10,0,0,1,1,3,1,2,2,1518,7.325148958,1,Spring
4,11,0,0,1,1,3,1,2,2,1527,7.331060305,1,Spring
4,12,0,0,1,1,3,1,2,2,1527,7.331060305,1,Spring
4,13,0,0,1,1,3,1,2,2,1451,7.280008253,1,Spring
4,14,0,0,1,1,3,1,2,2,546,6.302618976,0,Spring
4,15,0,0,1,1,3,1,2,2,489,6.192362489,0,Spring
5,1,0,0,1,1,3,2,1,1,569,6.343880434,0,Spring
5,2,0,0,1,1,3,2,1,1,554,6.317164687,0,Spring
5,3,0,0,1,1,3,2,1,1,554,6.317164687,0,Spring
5,4,0,0,1,1,3,2,1,1,566,6.338594078,0,Spring
5,5,0,0,1,1,3,2,1,1,560,6.327936784,0,Spring
5,6,0,0,1,1,3,2,1,1,529,6.270988432,0,Spring
5,7,0,0,1,1,3,2,1,1,538,6.28785856,0,Spring
5,8,0,0,1,1,3,2,1,1,524,6.261491684,0,Spring
5,9,0,0,1,1,3,2,1,1,504,6.222576268,0,Spring
5,10,0,0,1,1,3,2,1,1,500,6.214608098,0,Spring
5,11,0,0,1,1,3,2,1,1,540,6.29156914,0,Spring
6,1,0,0,2,3,0,1,2,1,525,6.263398263,0,Spring
6,2,0,0,2,3,0,1,2,1,545,6.300785795,0,Spring
6,3,0,0,2,3,0,1,2,1,541,6.293419279,0,Spring
6,4,0,0,2,3,0,1,2,1,548,6.306275287,0,Spring
6,5,0,0,2,3,0,1,2,1,530,6.272877007,0,Spring
6,6,0,0,2,3,0,1,2,1,565,6.336825731,0,Spring
6,7,0,0,2,3,0,1,2,1,583,6.368187186,0,Spring
6,8,0,0,2,3,0,1,2,1,571,6.34738921,0,Spring
6,9,0,0,2,3,0,1,2,1,586,6.37331979,0,Spring
6,10,0,0,2,3,0,1,2,1,557,6.32256524,0,Spring
6,11,0,0,2,3,0,1,2,1,567,6.340359304,0,Spring
6,12,0,0,2,3,0,1,2,1,568,6.342121419,0,Spring
6,13,0,0,2,3,0,1,2,1,571,6.34738921,0,Spring
6,14,0,0,2,3,0,1,2,1,590,6.380122537,0,Spring
7,1,0,0,2,3,0,1,2,1,559,6.326149473,0,Spring
7,2,0,0,2,3,0,1,2,1,558,6.324358962,0,Spring
7,3,0,0,2,3,0,1,2,1,534,6.280395839,0,Spring
7,4,0,0,2,3,0,1,2,1,544,6.298949247,0,Spring
7,5,0,0,2,3,0,1,2,1,540,6.29156914,0,Spring
7,6,0,0,2,3,0,1,2,1,542,6.295266001,0,Spring
7,7,0,0,2,3,0,1,2,1,567,6.340359304,0,Spring
7,8,0,0,2,3,0,1,2,1,574,6.352629396,0,Spring
7,9,0,0,2,3,0,1,2,1,562,6.33150185,0,Spring
7,10,0,0,2,3,0,1,2,1,546,6.302618976,0,Spring
7,11,0,0,2,3,0,1,2,1,506,6.226536669,0,Spring
7,12,0,0,2,3,0,1,2,1,516,6.246106765,0,Spring
7,13,0,0,2,3,0,1,2,1,519,6.251903883,0,Spring
7,14,0,0,2,3,0,1,2,1,509,6.232448017,0,Spring
7,15,0,0,2,3,0,1,2,1,499,6.212606096,0,Spring
7,16,0,0,2,3,0,1,2,1,462,6.135564891,0,Spring
7,17,0,0,2,3,0,1,2,1,498,6.210600077,0,Spring
8,1,0,0,1,1,3,2,1,2,494,6.202535517,0,Spring
8,2,0,0,1,1,3,2,1,2,581,6.364750757,0,Spring
8,3,0,0,1,1,3,2,1,2,588,6.376726948,0,Spring
8,4,0,0,1,1,3,2,1,2,556,6.320768294,0,Spring
8,5,0,0,1,1,3,2,1,2,545,6.300785795,0,Spring
8,6,0,0,1,1,3,2,1,2,555,6.318968114,0,Spring
8,7,0,0,1,1,3,2,1,2,525,6.263398263,0,Spring
8,8,0,0,1,1,3,2,1,2,516,6.246106765,0,Spring
8,9,0,0,1,1,3,2,1,2,522,6.257667588,0,Spring
8,10,0,0,1,1,3,2,1,2,540,6.29156914,0,Spring
8,11,0,0,1,1,3,2,1,2,545,6.300785795,0,Spring
8,12,0,0,1,1,3,2,1,2,529,6.270988432,0,Spring
8,13,0,0,1,1,3,2,1,2,522,6.257667588,0,Spring
8,14,0,0,1,1,3,2,1,2,494,6.202535517,0,Spring
9,1,0,0,1,1,10,2,1,1,1055,6.961296046,1,Summer
9,2,0,0,1,1,10,2,1,1,1047,6.953684211,1,Summer
9,3,0,0,1,1,10,2,1,1,1053,6.959398512,1,Summer
9,4,0,0,1,1,10,2,1,1,1040,6.946975992,1,Summer
9,5,0,0,1,1,10,2,1,1,1036,6.943122423,1,Summer
9,6,0,0,1,1,10,2,1,1,1059,6.965080346,1,Summer
9,7,0,0,1,1,10,2,1,1,1057,6.963189986,1,Summer
9,8,0,0,1,1,10,2,1,1,1053,6.959398512,1,Summer
9,9,0,0,1,1,10,2,1,1,1075,6.980075941,1,Summer
9,10,0,0,1,1,10,2,1,1,1068,6.97354302,1,Summer
9,11,0,0,1,1,10,2,1,1,1069,6.974478911,1,Summer
9,12,0,0,1,1,10,2,1,1,1068,6.97354302,1,Summer
9,13,0,0,1,1,10,2,1,1,1092,6.995766156,1,Summer
9,14,0,0,1,1,10,2,1,1,1088,6.992096427,1,Summer
9,15,0,0,1,1,10,2,1,1,1089,6.993015123,1,Summer
9,16,0,0,1,1,10,2,1,1,1058,6.964135612,1,Summer
9,17,0,0,1,1,10,2,1,1,1022,6.929516771,1,Summer
9,18,0,0,1,1,10,2,1,1,1028,6.935370446,1,Summer
10,1,0,0,1,1,3,1,2,1,576,6.356107661,0,Summer
10,2,0,0,1,1,3,1,2,1,625,6.43775165,0,Summer
10,3,0,0,1,1,3,1,2,1,662,6.495265556,0,Summer
10,4,0,0,1,1,3,1,2,1,789,6.670766321,0,Summer
10,5,0,0,1,1,3,1,2,1,786,6.666956792,0,Summer
10,6,0,0,1,1,3,1,2,1,786,6.666956792,0,Summer
10,7,0,0,1,1,3,1,2,1,742,6.609349243,0,Summer
10,8,0,0,1,1,3,1,2,1,778,6.656726524,0,Summer
10,9,0,0,1,1,3,1,2,1,752,6.622736324,0,Summer
10,10,0,0,1,1,3,1,2,1,723,6.583409222,0,Summer
10,11,0,0,1,1,3,1,2,1,736,6.601230119,0,Summer
10,12,1,2,3,2,5,2,1,3,1396,7.241366283,1,
10,13,1,2,3,2,5,2,1,3,1330,7.192934221,1,
10,14,1,2,3,2,5,2,1,3,1316,7.182352112,1,
10,15,1,2,3,2,5,2,1,3,1281,7.155396302,1,
11,1,0,0,2,3,0,1,2,1,500,6.214608098,0,Summer
11,2,0,0,2,3,0,1,2,1,500,6.214608098,0,Summer
11,3,0,0,2,3,0,1,2,1,510,6.234410726,0,Summer
11,4,0,0,2,3,0,1,2,1,509,6.232448017,0,Summer
11,5,0,0,2,3,0,1,2,1,496,6.206575927,0,Summer
11,6,0,0,2,3,0,1,2,1,514,6.242223265,0,Summer
11,7,0,0,2,3,0,1,2,1,506,6.226536669,0,Summer
11,8,0,0,2,3,0,1,2,1,535,6.282266747,0,Summer
11,9,0,0,2,3,0,1,2,1,552,6.313548046,0,Summer
11,10,0,0,2,3,0,1,2,1,546,6.302618976,0,Summer
11,11,0,0,2,3,0,1,2,1,546,6.302618976,0,Summer
11,12,0,0,2,3,0,1,2,1,527,6.267200549,0,Summer
11,13,0,0,2,3,0,1,2,1,507,6.228511004,0,Summer
11,14,0,0,2,3,0,1,2,1,517,6.248042875,0,Summer
12,1,0,0,2,3,0,1,2,1,566,6.338594078,0,Summer
12,2,0,0,2,3,0,1,2,1,547,6.304448802,0,Summer
12,3,0,0,2,3,0,1,2,1,549,6.308098442,0,Summer
12,4,0,0,2,3,0,1,2,1,547,6.304448802,0,Summer
12,5,0,0,2,3,0,1,2,1,551,6.311734809,0,Summer
12,6,0,0,2,3,0,1,2,1,547,6.304448802,0,Summer
12,7,0,0,2,3,0,1,2,1,555,6.318968114,0,Summer
12,8,0,0,2,3,0,1,2,1,553,6.315358002,0,Summer
12,9,0,0,2,3,0,1,2,1,548,6.306275287,0,Summer
12,10,0,0,2,3,0,1,2,1,535,6.282266747,0,Summer
12,11,0,0,2,3,0,1,2,1,513,6.240275845,0,Summer
12,12,0,0,2,3,0,1,2,1,526,6.265301213,0,Summer
12,13,0,0,2,3,0,1,2,1,500,6.214608098,0,Summer
12,14,0,0,2,3,0,1,2,1,495,6.204557763,0,Summer
12,15,0,0,2,3,0,1,2,1,488,6.190315406,0,Summer
13,1,0,0,1,1,3,2,1,1,478,6.169610732,0,Summer
13,2,0,0,1,1,3,2,1,1,520,6.253828812,0,Summer
13,3,0,0,1,1,3,2,1,1,538,6.28785856,0,Summer
13,4,0,0,1,1,3,2,1,1,594,6.386879319,0,Summer
13,5,0,0,1,1,3,2,1,1,593,6.385194399,0,Summer
13,6,0,0,1,1,3,2,1,1,610,6.413458957,0,Summer
13,7,0,0,1,1,3,2,1,1,630,6.445719819,0,Summer
13,8,0,0,1,1,3,2,1,1,626,6.439350371,0,Summer
13,9,0,0,1,1,3,2,1,1,595,6.388561406,0,Summer
13,10,0,0,1,1,3,2,1,1,561,6.329720906,0,Summer
13,11,0,0,1,1,3,2,1,1,586,6.37331979,0,Summer
13,12,0,0,1,1,3,2,1,1,587,6.37502482,0,Summer
13,13,0,0,1,1,3,2,1,1,551,6.311734809,0,Summer
14,1,0,0,1,1,3,1,2,1,572,6.349138991,0,Summer
14,2,0,0,1,1,3,1,2,1,847,6.741700695,0,Summer
14,3,0,0,1,1,3,1,2,1,946,6.852242569,0,Summer
14,4,0,0,1,1,3,1,2,1,970,6.877296071,0,Summer
14,5,0,0,1,1,3,1,2,1,989,6.896694332,0,Summer
14,6,0,0,1,1,3,1,2,1,1029,6.936342736,1,Summer
14,7,0,0,1,1,3,1,2,1,1033,6.940222469,1,Summer
14,8,0,0,1,1,3,1,2,1,1034,6.941190055,1,Summer
14,9,0,0,1,1,3,1,2,1,1061,6.966967139,1,Summer
14,10,0,0,1,1,3,1,2,1,1059,6.965080346,1,Summer
14,11,0,0,1,1,3,1,2,1,1068,6.97354302,1,Summer
14,12,0,0,1,1,3,1,2,1,836,6.728628613,0,Summer
15,1,0,0,2,3,0,1,2,1,492,6.198478716,0,Summer
15,2,0,0,2,3,0,1,2,1,503,6.22059017,0,Summer
15,3,0,0,2,3,0,1,2,1,521,6.255750042,0,Summer
15,4,0,0,2,3,0,1,2,1,545,6.300785795,0,Summer
15,5,0,0,2,3,0,1,2,1,534,6.280395839,0,Summer
15,6,0,0,2,3,0,1,2,1,539,6.289715571,0,Summer
15,7,0,0,2,3,0,1,2,1,529,6.270988432,0,Summer
15,8,0,0,2,3,0,1,2,1,562,6.33150185,0,Summer
15,9,0,0,2,3,0,1,2,1,546,6.302618976,0,Summer
15,10,0,0,2,3,0,1,2,1,551,6.311734809,0,Summer
15,11,0,0,2,3,0,1,2,1,569,6.343880434,0,Summer
15,12,0,0,2,3,0,1,2,1,574,6.352629396,0,Summer
15,13,0,0,2,3,0,1,2,1,546,6.302618976,0,Summer
15,14,0,0,2,3,0,1,2,1,569,6.343880434,0,Summer
15,15,0,0,2,3,0,1,2,1,528,6.269096284,0,Summer
15,16,1,2,0,1,6,2,1,3,1655,7.411556288,1,
15,17,1,2,0,1,6,2,1,3,1630,7.396335294,1,
15,18,1,2,0,1,6,2,1,3,1558,7.351158226,1,
15,19,1,2,0,1,6,2,1,3,1558,7.351158226,1,
15,20,1,2,0,1,6,2,1,3,1556,7.349873705,1,
15,21,1,2,0,1,6,2,1,3,1546,7.343426229,1,
15,22,1,2,0,1,6,2,1,3,1460,7.286191715,1,
15,23,1,2,0,1,6,2,1,3,1409,7.250635512,1,
15,24,1,2,0,1,6,2,1,3,1407,7.249215057,1,
15,25,1,2,0,1,6,2,1,3,1404,7.247080585,1,
15,26,1,2,0,1,6,2,1,3,1394,7.239932591,1,
15,27,1,2,0,1,6,2,1,3,1390,7.237059026,1,
15,28,1,2,0,1,6,2,1,3,1367,7.220373837,1,
15,29,1,2,0,1,6,2,1,3,1365,7.218909708,1,
15,30,1,2,0,1,6,2,1,3,1359,7.214504414,1,
15,31,1,2,0,1,6,2,1,3,1343,7.202661197,1,
15,32,1,2,0,1,6,2,1,3,1342,7.201916318,1,
15,33,1,2,0,1,6,2,1,3,1342,7.201916318,1,
15,34,1,2,0,1,6,2,1,3,1333,7.19518732,1,
15,35,1,2,0,1,6,2,1,3,1322,7.18690102,1,
15,36,1,2,0,1,6,2,1,3,1312,7.17930797,1,
15,37,1,2,0,1,6,2,1,3,1278,7.153051635,1,
15,38,1,2,0,1,6,2,1,3,1275,7.150701458,1,
16,1,0,0,2,3,0,1,2,1,578,6.359573869,0,Summer
16,2,0,0,2,3,0,1,2,1,670,6.507277712,0,Summer
16,3,0,0,2,3,0,1,2,1,654,6.483107351,0,Summer
16,4,0,0,2,3,0,1,2,1,646,6.470799504,0,Summer
16,5,0,0,2,3,0,1,2,1,620,6.429719478,0,Summer
16,6,0,0,2,3,0,1,2,1,586,6.37331979,0,Summer
16,7,0,0,2,3,0,1,2,1,615,6.421622268,0,Summer
16,8,0,0,2,3,0,1,2,1,598,6.393590754,0,Summer
16,9,0,0,2,3,0,1,2,1,633,6.450470422,0,Summer
16,10,0,0,2,3,0,1,2,1,642,6.464588304,0,Summer
16,11,0,0,2,3,0,1,2,1,664,6.498282149,0,Summer
16,12,0,0,2,3,0,1,2,1,643,6.466144724,0,Summer
16,13,0,0,2,3,0,1,2,1,556,6.320768294,0,Summer
16,14,0,0,2,3,0,1,2,1,589,6.378426184,0,Summer
16,15,0,0,2,3,0,1,2,1,559,6.326149473,0,Summer
16,16,0,0,2,3,0,1,2,1,528,6.269096284,0,Summer
16,17,0,0,2,3,0,1,2,1,481,6.17586727,0,Summer
17,1,0,0,1,1,3,2,1,2,489,6.192362489,0,Summer
17,2,0,0,1,1,3,2,1,2,522,6.257667588,0,Summer
17,3,0,0,1,1,3,2,1,2,523,6.259581464,0,Summer
17,4,0,0,1,1,3,2,1,2,577,6.357842267,0,Summer
17,5,0,0,1,1,3,2,1,2,541,6.293419279,0,Summer
17,6,0,0,1,1,3,2,1,2,522,6.257667588,0,Summer
17,7,0,0,1,1,3,2,1,2,553,6.315358002,0,Summer
17,8,0,0,1,1,3,2,1,2,531,6.274762021,0,Summer
17,9,0,0,1,1,3,2,1,2,553,6.315358002,0,Summer
17,10,0,0,1,1,3,2,1,2,549,6.308098442,0,Summer
17,11,0,0,1,1,3,2,1,2,575,6.354370041,0,Summer
17,12,0,0,1,1,3,2,1,2,577,6.357842267,0,Summer
17,13,0,0,1,1,3,2,1,2,551,6.311734809,0,Summer
17,14,0,0,1,1,3,2,1,2,552,6.313548046,0,Summer
17,15,0,0,1,1,3,2,1,2,571,6.34738921,0,Summer
17,16,0,0,1,1,3,2,1,2,490,6.194405391,0,Summer
18,1,0,0,1,1,3,2,1,1,552,6.313548046,0,Summer
18,2,0,0,1,1,3,2,1,1,590,6.380122537,0,Summer
18,3,0,0,1,1,3,2,1,1,611,6.415096959,0,Summer
18,4,0,0,1,1,3,2,1,1,625,6.43775165,0,Summer
18,5,0,0,1,1,3,2,1,1,636,6.455198563,0,Summer
18,6,0,0,1,1,3,2,1,1,629,6.444131257,0,Summer
18,7,0,0,1,1,3,2,1,1,612,6.416732283,0,Summer
18,8,0,0,1,1,3,2,1,1,631,6.447305863,0,Summer
18,9,0,0,1,1,3,2,1,1,601,6.398594935,0,Summer
19,1,0,0,2,3,0,1,2,1,523,6.259581464,0,Summer
19,2,0,0,2,3,0,1,2,1,534,6.280395839,0,Summer
19,3,0,0,2,3,0,1,2,1,554,6.317164687,0,Summer
19,4,0,0,2,3,0,1,2,1,555,6.318968114,0,Summer
19,5,0,0,2,3,0,1,2,1,560,6.327936784,0,Summer
19,6,0,0,2,3,0,1,2,1,529,6.270988432,0,Summer
19,7,0,0,2,3,0,1,2,1,541,6.293419279,0,Summer
19,8,0,0,2,3,0,1,2,1,566,6.338594078,0,Summer
19,9,0,0,2,3,0,1,2,1,560,6.327936784,0,Summer
19,10,0,0,2,3,0,1,2,1,581,6.364750757,0,Summer
19,11,0,0,2,3,0,1,2,1,583,6.368187186,0,Summer
19,12,0,0,2,3,0,1,2,1,561,6.329720906,0,Summer
19,13,0,0,2,3,0,1,2,1,552,6.313548046,0,Summer
19,14,0,0,2,3,0,1,2,1,540,6.29156914,0,Summer
20,1,0,0,2,3,0,1,2,2,573,6.350885717,0,Summer
20,2,0,0,2,3,0,1,2,2,553,6.315358002,0,Summer
20,3,0,0,2,3,0,1,2,2,561,6.329720906,0,Summer
20,4,0,0,2,3,0,1,2,2,554,6.317164687,0,Summer
20,5,0,0,2,3,0,1,2,2,537,6.285998095,0,Summer
20,6,0,0,2,3,0,1,2,2,558,6.324358962,0,Summer
20,7,0,0,2,3,0,1,2,2,568,6.342121419,0,Summer
20,8,0,0,2,3,0,1,2,2,572,6.349138991,0,Summer
20,9,0,0,2,3,0,1,2,2,544,6.298949247,0,Summer
20,10,0,0,2,3,0,1,2,2,523,6.259581464,0,Summer
20,11,0,0,2,3,0,1,2,2,543,6.29710932,0,Summer
20,12,0,0,2,3,0,1,2,2,528,6.269096284,0,Summer
20,13,0,0,2,3,0,1,2,2,544,6.298949247,0,Summer
20,14,0,0,2,3,0,1,2,2,507,6.228511004,0,Summer
21,1,0,0,1,1,3,1,1,1,464,6.139884552,0,Summer
21,2,0,0,1,1,3,1,1,1,473,6.159095388,0,Summer
21,3,0,0,1,1,3,1,1,1,524,6.261491684,0,Summer
21,4,0,0,1,1,3,1,1,1,535,6.282266747,0,Summer
21,5,0,0,1,1,3,1,1,1,570,6.345636361,0,Summer
21,6,0,0,1,1,3,1,1,1,576,6.356107661,0,Summer
21,7,0,0,1,1,3,1,1,1,559,6.326149473,0,Summer
21,8,0,0,1,1,3,1,1,1,586,6.37331979,0,Summer
21,9,0,0,1,1,3,1,1,1,558,6.324358962,0,Summer
21,10,0,0,1,1,3,1,1,1,580,6.363028104,0,Summer
21,11,0,0,1,1,3,1,1,1,581,6.364750757,0,Summer
21,12,0,0,1,1,3,1,1,1,596,6.390240667,0,Summer
21,13,0,0,1,1,3,1,1,1,597,6.391917113,0,Summer
21,14,0,0,1,1,3,1,1,1,576,6.356107661,0,Summer
21,15,0,0,1,1,3,1,1,1,596,6.390240667,0,Summer
21,16,0,0,1,1,3,1,1,1,601,6.398594935,0,Summer
22,1,0,0,1,1,4,1,1,1,481,6.17586727,0,Summer
22,2,0,0,1,1,4,1,1,1,912,6.81563999,0,Summer
22,3,0,0,1,1,4,1,1,1,1199,7.089243155,1,Summer
22,4,0,0,1,1,4,1,1,1,1368,7.221105098,1,Summer
22,5,0,0,1,1,4,1,1,1,1346,7.20489251,1,Summer
22,6,0,0,1,1,4,1,1,1,1336,7.197435354,1,Summer
22,7,0,0,1,1,4,1,1,1,1394,7.239932591,1,Summer
22,8,0,0,1,1,4,1,1,1,1386,7.23417718,1,Summer
22,9,0,0,1,1,4,1,1,1,1418,7.257002707,1,Summer
22,10,0,0,1,1,4,1,1,1,1461,7.286876412,1,Summer
22,11,0,0,1,1,4,1,1,1,1451,7.280008253,1,Summer
22,12,0,0,1,1,4,1,1,1,1444,7.275172319,1,Summer
22,13,0,0,1,1,4,1,1,1,1352,7.209340257,1,Summer
23,1,0,0,2,3,1,1,2,1,650,6.476972363,0,Summer
23,2,0,0,2,3,1,1,2,1,661,6.49375384,0,Summer
23,3,0,0,2,3,1,1,2,1,631,6.447305863,0,Summer
23,4,0,0,2,3,1,1,2,1,634,6.452048954,0,Summer
23,5,0,0,2,3,1,1,2,1,635,6.453624999,0,Summer
23,6,0,0,2,3,1,1,2,1,639,6.459904454,0,Summer
23,7,0,0,2,3,1,1,2,1,614,6.419994928,0,Summer
23,8,0,0,2,3,1,1,2,1,596,6.390240667,0,Summer
23,9,0,0,2,3,1,1,2,1,603,6.401917197,0,Summer
23,10,0,0,2,3,1,1,2,1,584,6.369900983,0,Summer
23,11,0,0,2,3,1,1,2,1,601,6.398594935,0,Summer
23,12,0,0,2,3,1,1,2,1,608,6.410174882,0,Summer
23,13,0,0,2,3,1,1,2,1,618,6.426488457,0,Summer
23,14,0,0,2,3,1,1,2,1,585,6.371611847,0,Summer
24,1,0,0,2,3,1,1,2,1,587,6.37502482,0,Summer
24,2,0,0,2,3,1,1,2,1,613,6.418364936,0,Summer
24,3,0,0,2,3,1,1,2,1,618,6.426488457,0,Summer
24,4,0,0,2,3,1,1,2,1,626,6.439350371,0,Summer
24,5,0,0,2,3,1,1,2,1,616,6.423246964,0,Summer
24,6,0,0,2,3,1,1,2,1,604,6.403574198,0,Summer
24,7,0,0,2,3,1,1,2,1,590,6.380122537,0,Summer
24,8,0,0,2,3,1,1,2,1,603,6.401917197,0,Summer
24,9,0,0,2,3,1,1,2,1,591,6.381816017,0,Summer
24,10,0,0,2,3,1,1,2,1,607,6.408528791,0,Summer
24,11,0,0,2,3,1,1,2,1,595,6.388561406,0,Summer
24,12,0,0,2,3,1,1,2,1,587,6.37502482,0,Summer
24,13,0,0,2,3,1,1,2,1,601,6.398594935,0,Summer
24,14,0,0,2,3,1,1,2,1,611,6.415096959,0,Summer
24,15,0,0,2,3,1,1,2,1,638,6.458338283,0,Summer
24,16,0,0,2,3,1,1,2,1,626,6.439350371,0,Summer
25,1,0,0,1,1,4,1,2,1,616,6.423246964,0,Summer
25,2,0,0,1,1,4,1,2,1,769,6.64509097,0,Summer
25,3,0,0,1,1,4,1,2,1,821,6.710523109,0,Summer
25,4,0,0,1,1,4,1,2,1,892,6.793466133,0,Summer
25,5,0,0,1,1,4,1,2,1,919,6.823286122,0,Summer
25,6,0,0,1,1,4,1,2,1,952,6.858565035,0,Summer
25,7,0,0,1,1,4,1,2,1,940,6.845879875,0,Summer
25,8,0,0,1,1,4,1,2,1,940,6.845879875,0,Summer
25,9,0,0,1,1,4,1,2,1,939,6.844815479,0,Summer
25,10,0,0,1,1,4,1,2,1,562,6.33150185,0,Summer
25,11,1,2,0,1,6,1,1,3,1282,7.156176637,1,
25,12,1,2,0,1,6,1,1,2,1277,7.152268856,1,
25,13,1,2,0,1,6,1,1,3,1265,7.142827401,1,
26,1,0,0,1,1,3,1,1,2,493,6.200509174,0,Summer
26,2,0,0,1,1,3,1,1,2,668,6.504288174,0,Summer
26,3,0,0,1,1,3,1,1,2,777,6.65544035,0,Summer
26,4,0,0,1,1,3,1,1,2,890,6.791221463,0,Summer
26,5,0,0,1,1,3,1,1,2,957,6.863803391,0,Summer
26,6,0,0,1,1,3,1,1,2,1003,6.910750788,1,Summer
26,7,0,0,1,1,3,1,1,2,1056,6.962243464,1,Summer
26,8,0,0,1,1,3,1,1,2,1098,7.001245622,1,Summer
26,9,0,0,1,1,3,1,1,2,1091,6.994849986,1,Summer
26,10,0,0,1,1,3,1,1,2,1092,6.995766156,1,Summer
26,11,0,0,1,1,3,1,1,2,1091,6.994849986,1,Summer
26,12,0,0,1,1,3,1,1,2,1116,7.017506143,1,Summer
26,13,0,0,1,1,3,1,1,2,1085,6.989335266,1,Summer
26,14,0,0,1,1,3,1,1,2,807,6.693323668,0,Summer
26,15,1,2,0,1,6,2,1,3,1734,7.458186157,1,
26,16,1,2,0,1,6,2,1,3,1515,7.323170718,1,
26,17,1,2,0,1,6,2,1,3,1497,7.311218384,1,
26,18,1,2,0,1,6,2,1,3,1481,7.300472814,1,
26,19,1,2,0,1,6,2,1,3,1354,7.210818453,1,
26,20,1,2,0,1,6,2,1,3,1350,7.207859871,1,
26,21,1,2,0,1,6,2,1,3,1348,7.206377291,1,
26,22,1,2,0,1,6,2,1,3,1342,7.201916318,1,
26,23,1,2,0,1,6,2,1,3,1331,7.193685818,1,
26,24,1,2,0,1,6,2,1,3,1323,7.187657164,1,
26,25,1,2,0,1,6,2,1,3,1308,7.176254532,1,
26,26,1,2,0,1,6,2,1,3,1292,7.163946684,1,
26,27,1,2,0,1,6,2,1,3,1279,7.153833802,1,
26,28,1,2,0,1,6,2,1,3,1278,7.153051635,1,
27,1,0,0,2,3,0,1,2,2,505,6.224558429,0,Summer
27,2,0,0,2,3,0,1,2,2,515,6.244166901,0,Summer
27,3,0,0,2,3,0,1,2,2,539,6.289715571,0,Summer
27,4,0,0,2,3,0,1,2,2,540,6.29156914,0,Summer
27,5,0,0,2,3,0,1,2,2,569,6.343880434,0,Summer
27,6,0,0,2,3,0,1,2,2,532,6.276643489,0,Summer
27,7,0,0,2,3,0,1,2,2,535,6.282266747,0,Summer
27,8,0,0,2,3,0,1,2,2,555,6.318968114,0,Summer
27,9,0,0,2,3,0,1,2,2,574,6.352629396,0,Summer
27,10,0,0,2,3,0,1,2,2,575,6.354370041,0,Summer
27,11,0,0,2,3,0,1,2,2,562,6.33150185,0,Summer
27,12,0,0,2,3,0,1,2,2,595,6.388561406,0,Summer
27,13,0,0,2,3,0,1,2,2,588,6.376726948,0,Summer
27,14,0,0,2,3,0,1,2,2,554,6.317164687,0,Summer
28,1,0,0,1,1,4,1,2,3,521,6.255750042,0,Summer
28,2,0,0,1,1,4,1,2,3,515,6.244166901,0,Summer
28,3,0,0,1,1,4,1,2,3,832,6.723832441,0,Summer
28,4,0,0,1,1,4,1,2,3,899,6.801283034,0,Summer
28,5,0,0,1,1,4,1,2,3,964,6.871091295,0,Summer
28,6,0,0,1,1,4,1,2,3,947,6.853299093,0,Summer
28,7,0,0,1,1,4,1,2,3,946,6.852242569,0,Summer
28,8,0,0,1,1,4,1,2,3,988,6.895682698,0,Summer
28,9,0,0,1,1,4,1,2,3,986,6.893656355,0,Summer
28,10,0,0,1,1,4,1,2,3,1043,6.949856455,1,Summer
28,11,0,0,1,1,4,1,2,3,1155,7.051855623,1,Summer
29,1,0,0,2,3,1,1,2,2,660,6.492239835,0,Summer
29,2,0,0,2,3,1,1,2,2,656,6.486160789,0,Summer
29,3,0,0,2,3,1,1,2,2,654,6.483107351,0,Summer
29,4,0,0,2,3,1,1,2,2,615,6.421622268,0,Summer
29,5,0,0,2,3,1,1,2,2,615,6.421622268,0,Summer
29,6,0,0,2,3,1,1,2,2,662,6.495265556,0,Summer
29,7,0,0,2,3,1,1,2,2,692,6.539585956,0,Summer
29,8,0,0,2,3,1,1,2,2,711,6.56667243,0,Summer
29,9,0,0,2,3,1,1,2,2,683,6.52649486,0,Summer
29,10,0,0,2,3,1,1,2,2,702,6.553933404,0,Summer
29,11,0,0,2,3,1,1,2,2,696,6.54534966,0,Summer
29,12,0,0,2,3,1,1,2,2,689,6.535241271,0,Summer
29,13,0,0,2,3,1,1,2,2,676,6.516193076,0,Summer
29,14,0,0,2,3,1,1,2,2,711,6.56667243,0,Summer
29,15,0,0,2,3,1,1,2,2,683,6.52649486,0,Summer
30,1,0,0,2,3,1,1,2,2,576,6.356107661,0,Summer
30,2,0,0,2,3,1,1,2,2,614,6.419994928,0,Summer
30,3,0,0,2,3,1,1,2,2,619,6.428105273,0,Summer
30,4,0,0,2,3,1,1,2,2,623,6.434546519,0,Summer
30,5,0,0,2,3,1,1,2,2,598,6.393590754,0,Summer
30,6,0,0,2,3,1,1,2,2,574,6.352629396,0,Summer
30,7,0,0,2,3,1,1,2,2,583,6.368187186,0,Summer
30,8,0,0,2,3,1,1,2,2,581,6.364750757,0,Summer
30,9,0,0,2,3,1,1,2,2,586,6.37331979,0,Summer
30,10,0,0,2,3,1,1,2,2,587,6.37502482,0,Summer
30,11,0,0,2,3,1,1,2,2,603,6.401917197,0,Summer
30,12,0,0,2,3,1,1,2,2,583,6.368187186,0,Summer
30,13,0,0,2,3,1,1,2,2,560,6.327936784,0,Summer
30,14,0,0,2,3,1,1,2,2,584,6.369900983,0,Summer
30,15,0,0,2,3,1,1,2,2,559,6.326149473,0,Summer
31,1,0,0,1,1,4,2,1,2,587,6.37502482,0,Summer
31,2,0,0,1,1,4,2,1,2,732,6.595780514,0,Summer
31,3,0,0,1,1,4,2,1,2,694,6.542471961,0,Summer
31,4,0,0,1,1,4,2,1,2,703,6.555356892,0,Summer
31,5,0,0,1,1,4,2,1,2,709,6.563855527,0,Summer
31,6,0,0,1,1,4,2,1,2,712,6.568077911,0,Summer
31,7,0,0,1,1,4,2,1,2,695,6.543911846,0,Summer
31,8,0,0,1,1,4,2,1,2,679,6.520621128,0,Summer
31,9,0,0,1,1,4,2,1,2,676,6.516193076,0,Summer
31,10,0,0,1,1,4,2,1,2,683,6.52649486,0,Summer
31,11,0,0,1,1,4,2,1,2,697,6.546785411,0,Summer
31,12,0,0,1,1,4,2,1,2,534,6.280395839,0,Summer
32,1,0,0,1,1,3,1,1,1,532,6.276643489,0,Summer
32,2,0,0,1,1,3,1,1,1,623,6.434546519,0,Summer
32,3,0,0,1,1,3,1,1,1,683,6.52649486,0,Summer
32,4,0,0,1,1,3,1,1,1,688,6.533788838,0,Summer
32,5,0,0,1,1,3,1,1,1,713,6.56948142,0,Summer
32,6,0,0,1,1,3,1,1,1,732,6.595780514,0,Summer
32,7,0,0,1,1,3,1,1,1,746,6.6147256,0,Summer
32,8,0,0,1,1,3,1,1,1,765,6.639875834,0,Summer
32,9,0,0,1,1,3,1,1,1,773,6.650279049,0,Summer
32,10,0,0,1,1,3,1,1,1,747,6.616065185,0,Summer
32,11,0,0,1,1,3,1,1,1,765,6.639875834,0,Summer
32,12,0,0,1,1,3,1,1,1,760,6.633318433,0,Summer
32,13,0,0,1,1,3,1,1,1,739,6.605297921,0,Summer
33,1,0,0,2,3,0,1,2,1,525,6.263398263,0,Summer
33,2,0,0,2,3,0,1,2,1,581,6.364750757,0,Summer
33,3,0,0,2,3,0,1,2,1,570,6.345636361,0,Summer
33,4,0,0,2,3,0,1,2,1,568,6.342121419,0,Summer
33,5,0,0,2,3,0,1,2,1,587,6.37502482,0,Summer
33,6,0,0,2,3,0,1,2,1,582,6.366470448,0,Summer
33,7,0,0,2,3,0,1,2,1,566,6.338594078,0,Summer
33,8,0,0,2,3,0,1,2,1,581,6.364750757,0,Summer
33,9,0,0,2,3,0,1,2,1,590,6.380122537,0,Summer
33,10,0,0,2,3,0,1,2,1,610,6.413458957,0,Summer
33,11,0,0,2,3,0,1,2,1,582,6.366470448,0,Summer
33,12,0,0,2,3,0,1,2,1,608,6.410174882,0,Summer
33,13,0,0,2,3,0,1,2,1,594,6.386879319,0,Summer
33,14,0,0,2,3,0,1,2,1,583,6.368187186,0,Summer
34,1,0,0,2,3,0,1,2,1,667,6.502790046,0,Summer
34,2,0,0,2,3,0,1,2,1,665,6.499787041,0,Summer
34,3,0,0,2,3,0,1,2,1,640,6.461468176,0,Summer
34,4,0,0,2,3,0,1,2,1,638,6.458338283,0,Summer
34,5,0,0,2,3,0,1,2,1,647,6.472346295,0,Summer
34,6,0,0,2,3,0,1,2,1,631,6.447305863,0,Summer
34,7,0,0,2,3,0,1,2,1,614,6.419994928,0,Summer
34,8,0,0,2,3,0,1,2,1,620,6.429719478,0,Summer
34,9,0,0,2,3,0,1,2,1,647,6.472346295,0,Summer
34,10,0,0,2,3,0,1,2,1,630,6.445719819,0,Summer
34,11,0,0,2,3,0,1,2,1,589,6.378426184,0,Summer
34,12,0,0,2,3,0,1,2,1,596,6.390240667,0,Summer
34,13,0,0,2,3,0,1,2,1,613,6.418364936,0,Summer
34,14,0,0,2,3,0,1,2,1,574,6.352629396,0,Summer
34,15,0,0,2,3,0,1,2,1,573,6.350885717,0,Summer
34,16,1,2,0,1,6,1,1,3,1664,7.416979621,1,
34,17,1,2,0,1,6,1,1,3,1655,7.411556288,1,
34,18,1,2,0,1,6,1,1,3,1653,7.410347098,1,
34,19,1,2,0,1,6,1,1,3,1588,7.370230642,1,
34,20,1,2,0,1,6,1,1,3,1495,7.309881486,1,
34,21,1,2,0,1,6,1,1,3,1467,7.290974778,1,
34,22,1,2,0,1,6,1,1,3,1440,7.272398393,1,
34,23,1,2,0,1,6,1,1,3,1418,7.257002707,1,
34,24,1,2,0,1,6,1,1,3,1367,7.220373837,1,
34,25,1,2,0,1,6,1,1,3,1323,7.187657164,1,
34,26,1,2,0,1,6,1,1,3,1266,7.143617603,1,
34,27,1,2,0,1,6,1,1,3,1265,7.142827401,1,
35,1,0,0,1,1,3,1,2,2,559,6.326149473,0,Summer
35,2,0,0,1,1,3,1,2,2,641,6.463029457,0,Summer
35,3,0,0,1,1,3,1,2,2,701,6.552507887,0,Summer
35,4,0,0,1,1,3,1,2,2,779,6.658011046,0,Summer
35,5,0,0,1,1,3,1,2,2,818,6.706862337,0,Summer
35,6,0,0,1,1,3,1,2,2,871,6.769641977,0,Summer
35,7,0,0,1,1,3,1,2,2,917,6.821107472,0,Summer
35,8,0,0,1,1,3,1,2,2,916,6.820016365,0,Summer
35,9,0,0,1,1,3,1,2,2,914,6.817830571,0,Summer
35,10,0,0,1,1,3,1,2,2,917,6.821107472,0,Summer
35,11,0,0,1,1,3,1,2,2,920,6.82437367,0,Summer
35,12,0,0,1,1,3,1,2,2,872,6.770789424,0,Summer
35,13,0,0,1,1,3,1,2,2,853,6.748759547,0,Summer
35,14,0,0,1,1,3,1,2,2,863,6.760414691,0,Summer
35,15,0,0,1,1,3,1,2,2,885,6.785587645,0,Summer
35,16,0,0,1,1,3,1,2,2,865,6.762729507,0,Summer
35,17,0,0,1,1,3,1,2,2,682,6.525029658,0,Summer
36,1,0,0,1,1,0,1,2,1,569,6.343880434,0,Summer
36,2,0,0,1,1,0,1,2,1,661,6.49375384,0,Summer
36,3,0,0,1,1,0,1,2,1,774,6.651571874,0,Summer
36,4,0,0,1,1,0,1,2,1,794,6.677083461,0,Summer
36,5,0,0,1,1,0,1,2,1,816,6.704414355,0,Summer
36,6,0,0,1,1,0,1,2,1,805,6.690842277,0,Summer
36,7,0,0,1,1,0,1,2,1,797,6.680854679,0,Summer
36,8,0,0,1,1,0,1,2,1,779,6.658011046,0,Summer
36,9,0,0,1,1,0,1,2,1,761,6.634633358,0,Summer
36,10,0,0,1,1,0,1,2,1,749,6.618738984,0,Summer
36,11,0,0,1,1,0,1,2,1,760,6.633318433,0,Summer
36,12,0,0,1,1,0,1,2,1,728,6.590301048,0,Summer
36,13,0,0,1,1,0,1,2,1,743,6.610696045,0,Summer
36,14,0,0,1,1,0,1,2,1,694,6.542471961,0,Summer
36,15,1,2,3,2,6,2,1,3,1313,7.180069874,1,
37,1,0,0,1,1,0,1,2,1,547,6.304448802,0,Summer
37,2,0,0,1,1,0,1,2,1,535,6.282266747,0,Summer
37,3,0,0,1,1,0,1,2,1,541,6.293419279,0,Summer
37,4,0,0,1,1,0,1,2,1,568,6.342121419,0,Summer
37,5,0,0,1,1,0,1,2,1,561,6.329720906,0,Summer
37,6,0,0,1,1,0,1,2,1,573,6.350885717,0,Summer
37,7,0,0,1,1,0,1,2,1,571,6.34738921,0,Summer
37,8,0,0,1,1,0,1,2,1,595,6.388561406,0,Summer
37,9,0,0,1,1,0,1,2,1,610,6.413458957,0,Summer
37,10,0,0,1,1,0,1,2,1,596,6.390240667,0,Summer
37,11,0,0,1,1,0,1,2,1,609,6.411818268,0,Summer
37,12,0,0,1,1,0,1,2,1,610,6.413458957,0,Summer
37,13,0,0,1,1,0,1,2,1,610,6.413458957,0,Summer
37,14,0,0,1,1,0,1,2,1,587,6.37502482,0,Summer
38,1,0,0,1,1,0,1,1,2,592,6.383506635,0,Summer
38,2,0,0,1,1,0,1,1,2,610,6.413458957,0,Summer
38,3,0,0,1,1,0,1,1,2,619,6.428105273,0,Summer
38,4,0,0,1,1,0,1,1,2,654,6.483107351,0,Summer
38,5,0,0,1,1,0,1,1,2,641,6.463029457,0,Summer
38,6,0,0,1,1,0,1,1,2,667,6.502790046,0,Summer
38,7,0,0,1,1,0,1,1,2,665,6.499787041,0,Summer
38,8,0,0,1,1,0,1,1,2,657,6.487684018,0,Summer
38,9,0,0,1,1,0,1,1,2,656,6.486160789,0,Summer
38,10,0,0,1,1,0,1,1,2,672,6.510258341,0,Summer
38,11,0,0,1,1,0,1,1,2,652,6.480044562,0,Summer
38,12,0,0,1,1,0,1,1,2,615,6.421622268,0,Summer
39,1,0,0,1,1,0,1,2,1,571,6.34738921,0,Summer
39,2,0,0,1,1,0,1,2,1,591,6.381816017,0,Summer
39,3,0,0,1,1,0,1,2,1,603,6.401917197,0,Summer
39,4,0,0,1,1,0,1,2,1,551,6.311734809,0,Summer
40,1,0,0,1,1,0,2,1,1,528,6.269096284,0,Summer
40,2,0,0,1,1,0,2,1,1,549,6.308098442,0,Summer
40,3,0,0,1,1,0,2,1,1,545,6.300785795,0,Summer
40,4,0,0,1,1,0,2,1,1,563,6.333279628,0,Summer
40,5,0,0,1,1,0,2,1,1,589,6.378426184,0,Summer
40,6,0,0,1,1,0,2,1,1,596,6.390240667,0,Summer
40,7,0,0,1,1,0,2,1,1,608,6.410174882,0,Summer
40,8,0,0,1,1,0,2,1,1,600,6.396929655,0,Summer
40,9,0,0,1,1,0,2,1,1,577,6.357842267,0,Summer
40,10,0,0,1,1,0,2,1,1,565,6.336825731,0,Summer
40,11,0,0,1,1,0,2,1,1,594,6.386879319,0,Summer
40,12,0,0,1,1,0,2,1,1,577,6.357842267,0,Summer
40,13,0,0,1,1,0,2,1,1,570,6.345636361,0,Summer
40,14,0,0,1,1,0,2,1,1,582,6.366470448,0,Summer
40,15,0,0,1,1,0,2,1,1,607,6.408528791,0,Summer
40,16,0,0,1,1,0,2,1,1,608,6.410174882,0,Summer
40,17,0,0,1,1,0,2,1,1,615,6.421622268,0,Summer
40,18,0,0,1,1,0,2,1,1,614,6.419994928,0,Summer
40,19,0,0,1,1,0,2,1,1,602,6.400257445,0,Summer
40,20,0,0,1,1,0,2,1,1,587,6.37502482,0,Summer
40,21,1,2,3,2,5,2,1,3,1266,7.143617603,1,
41,1,0,0,1,1,0,1,1,1,574,6.352629396,0,Summer
41,2,0,0,1,1,0,1,1,1,726,6.587550015,0,Summer
41,3,0,0,1,1,0,1,1,1,749,6.618738984,0,Summer
41,4,0,0,1,1,0,1,1,1,736,6.601230119,0,Summer
41,5,0,0,1,1,0,1,1,1,765,6.639875834,0,Summer
41,6,0,0,1,1,0,1,1,1,806,6.692083743,0,Summer
41,7,0,0,1,1,0,1,1,1,810,6.697034248,0,Summer
41,8,0,0,1,1,0,1,1,1,803,6.688354714,0,Summer
41,9,0,0,1,1,0,1,1,1,819,6.708084084,0,Summer
41,10,0,0,1,1,0,1,1,1,832,6.723832441,0,Summer
41,11,0,0,1,1,0,1,1,1,825,6.715383386,0,Summer
41,12,0,0,1,1,0,1,1,1,825,6.715383386,0,Summer
41,13,0,0,1,1,0,1,1,1,805,6.690842277,0,Summer
41,14,0,0,1,1,0,1,1,1,799,6.683360946,0,Summer
41,15,0,0,1,1,0,1,1,1,688,6.533788838,0,Summer
42,1,0,0,1,1,0,1,2,1,504,6.222576268,0,Summer
42,2,0,0,1,1,0,1,2,1,536,6.284134161,0,Summer
42,3,0,0,1,1,0,1,2,1,559,6.326149473,0,Summer
42,4,0,0,1,1,0,1,2,1,556,6.320768294,0,Summer
42,5,0,0,1,1,0,1,2,1,567,6.340359304,0,Summer
42,6,0,0,1,1,0,1,2,1,542,6.295266001,0,Summer
42,7,0,0,1,1,0,1,2,1,572,6.349138991,0,Summer
42,8,0,0,1,1,0,1,2,1,575,6.354370041,0,Summer
42,9,0,0,1,1,0,1,2,1,578,6.359573869,0,Summer
42,10,0,0,1,1,0,1,2,1,568,6.342121419,0,Summer
42,11,0,0,1,1,0,1,2,1,644,6.467698726,0,Summer
42,12,0,0,1,1,0,1,2,1,636,6.455198563,0,Summer
42,13,0,0,1,1,0,1,2,1,629,6.444131257,0,Summer
42,14,0,0,1,1,0,1,2,1,598,6.393590754,0,Summer
43,1,0,0,1,1,0,1,2,2,573,6.350885717,0,Summer
43,2,0,0,1,1,0,1,2,2,589,6.378426184,0,Summer
43,3,0,0,1,1,0,1,2,2,577,6.357842267,0,Summer
43,4,0,0,1,1,0,1,2,2,596,6.390240667,0,Summer
43,5,0,0,1,1,0,1,2,2,641,6.463029457,0,Summer
43,6,0,0,1,1,0,1,2,2,630,6.445719819,0,Summer
43,7,0,0,1,1,0,1,2,2,620,6.429719478,0,Summer
43,8,0,0,1,1,0,1,2,2,661,6.49375384,0,Summer
43,9,0,0,1,1,0,1,2,2,630,6.445719819,0,Summer
43,10,0,0,1,1,0,1,2,2,644,6.467698726,0,Summer
43,11,0,0,1,1,0,1,2,2,592,6.383506635,0,Summer
43,12,0,0,1,1,0,1,2,2,594,6.386879319,0,Summer
43,13,0,0,1,1,0,1,2,2,599,6.395261598,0,Summer
43,14,0,0,1,1,0,1,2,2,597,6.391917113,0,Summer
43,15,1,2,3,2,6,1,1,3,1762,7.474204806,1,
43,16,1,2,3,2,6,1,1,3,1735,7.458762692,1,
43,17,1,2,3,2,6,1,1,3,1710,7.444248649,1,
43,18,1,2,3,2,6,2,1,3,1639,7.401841579,1,
43,19,1,2,3,2,6,1,1,3,1638,7.401231264,1,
43,20,1,2,3,2,6,1,1,3,1637,7.400620577,1,
43,21,1,2,3,2,6,1,1,3,1622,7.391415235,1,
43,22,1,2,3,2,6,1,1,3,1621,7.390798522,1,
43,23,1,2,3,2,6,1,1,3,1613,7.385851078,1,
43,24,1,2,3,2,6,1,1,3,1608,7.38274645,1,
43,25,1,2,3,2,6,1,1,3,1605,7.380879036,1,
43,26,1,2,3,2,6,1,1,3,1586,7.368970402,1,
43,27,1,2,3,2,6,1,1,3,1585,7.368339686,1,
43,28,1,2,3,2,6,1,1,3,1580,7.365180126,1,
43,29,1,2,3,2,6,1,1,3,1573,7.360739903,1,
43,30,1,2,3,2,6,1,1,3,1507,7.317876199,1,
43,31,1,2,3,2,6,2,1,2,1494,7.309212366,1,
43,32,1,2,3,2,6,1,1,3,1492,7.307872781,1,
43,33,1,2,3,2,6,2,1,2,1480,7.299797367,1,
43,34,1,2,3,2,6,1,1,3,1413,7.253470383,1,
43,35,1,2,3,2,6,1,1,3,1399,7.243512975,1,
43,36,1,2,3,2,6,2,1,2,1371,7.22329568,1,
43,37,1,2,3,2,6,2,1,2,1352,7.209340257,1,
43,38,1,2,3,2,6,2,1,2,1300,7.170119543,1,
43,39,1,2,3,2,6,1,1,3,1264,7.142036575,1,
44,1,0,0,1,1,0,2,1,2,482,6.177944114,0,Summer
44,2,0,0,1,1,0,2,1,2,513,6.240275845,0,Summer
44,3,0,0,1,1,0,2,1,2,539,6.289715571,0,Summer
44,4,0,0,1,1,0,2,1,2,579,6.361302478,0,Summer
44,5,0,0,1,1,0,2,1,2,601,6.398594935,0,Summer
44,6,0,0,1,1,0,2,1,2,612,6.416732283,0,Summer
44,7,0,0,1,1,0,2,1,2,611,6.415096959,0,Summer
44,8,0,0,1,1,0,2,1,2,609,6.411818268,0,Summer
44,9,0,0,1,1,0,2,1,2,591,6.381816017,0,Summer
44,10,0,0,1,1,0,2,1,2,616,6.423246964,0,Summer
44,11,0,0,1,1,0,2,1,2,616,6.423246964,0,Summer
44,12,0,0,1,1,0,2,1,2,623,6.434546519,0,Summer
44,13,0,0,1,1,0,2,1,2,621,6.431331082,0,Summer
44,14,0,0,1,1,0,2,1,2,590,6.380122537,0,Summer
44,15,0,0,1,1,0,2,1,2,620,6.429719478,0,Summer
44,16,0,0,1,1,0,2,1,2,617,6.424869024,0,Summer
44,17,0,0,1,1,0,2,1,2,638,6.458338283,0,Summer
44,18,0,0,1,1,0,2,1,2,642,6.464588304,0,Summer
44,19,0,0,1,1,0,2,1,2,614,6.419994928,0,Summer
44,20,0,0,1,1,0,2,1,2,611,6.415096959,0,Summer
44,21,0,0,1,1,0,2,1,2,623,6.434546519,0,Summer
44,22,0,0,1,1,0,2,1,2,598,6.393590754,0,Summer
45,1,0,0,1,1,0,2,1,1,576,6.356107661,0,Summer
45,2,0,0,1,1,0,2,1,1,632,6.448889394,0,Summer
45,3,0,0,1,1,0,2,1,1,649,6.475432717,0,Summer
45,4,0,0,1,1,0,2,1,1,677,6.517671273,0,Summer
45,5,0,0,1,1,0,2,1,1,739,6.605297921,0,Summer
45,6,0,0,1,1,0,2,1,1,700,6.551080335,0,Summer
45,7,0,0,1,1,0,2,1,1,694,6.542471961,0,Summer
45,8,0,0,1,1,0,2,1,1,723,6.583409222,0,Summer
45,9,0,0,1,1,0,2,1,1,687,6.532334292,0,Summer
45,10,0,0,1,1,0,2,1,1,713,6.56948142,0,Summer
45,11,0,0,1,1,0,2,1,1,593,6.385194399,0,Summer
45,12,1,2,3,2,5,2,1,3,1333,7.19518732,1,
45,13,1,2,3,2,5,2,1,3,1311,7.178545484,1,
46,1,0,0,1,1,0,1,2,1,503,6.22059017,0,Summer
46,2,0,0,1,1,0,1,2,1,520,6.253828812,0,Summer
46,3,0,0,1,1,0,1,2,1,516,6.246106765,0,Summer
46,4,0,0,1,1,0,1,2,1,530,6.272877007,0,Summer
46,5,0,0,1,1,0,1,2,1,536,6.284134161,0,Summer
46,6,0,0,1,1,0,1,2,1,543,6.29710932,0,Summer
46,7,0,0,1,1,0,1,2,1,622,6.432940093,0,Summer
46,8,0,0,1,1,0,1,2,1,667,6.502790046,0,Summer
46,9,0,0,1,1,0,1,2,1,664,6.498282149,0,Summer
46,10,0,0,1,1,0,1,2,1,734,6.598509029,0,Summer
46,11,0,0,1,1,0,1,2,1,745,6.613384218,0,Summer
46,12,0,0,1,1,0,1,2,1,750,6.620073207,0,Summer
46,13,0,0,1,1,0,1,2,1,795,6.678342115,0,Summer
46,14,0,0,1,1,0,1,2,1,775,6.652863029,0,Summer
46,15,0,0,1,1,0,1,2,1,769,6.64509097,0,Summer
46,16,0,0,1,1,0,1,2,1,773,6.650279049,0,Summer
46,17,1,2,3,2,5,2,1,3,1277,7.152268856,1,
47,1,0,0,1,1,0,1,1,2,629,6.444131257,0,Summer
47,2,0,0,1,1,0,1,1,2,651,6.478509642,0,Summer
47,3,0,0,1,1,0,1,1,2,628,6.442540166,0,Summer
47,4,0,0,1,1,0,1,1,2,637,6.456769656,0,Summer
47,5,0,0,1,1,0,1,1,2,619,6.428105273,0,Summer
47,6,0,0,1,1,0,1,1,2,628,6.442540166,0,Summer
47,7,0,0,1,1,0,1,1,2,611,6.415096959,0,Summer
47,8,0,0,1,1,0,1,1,2,609,6.411818268,0,Summer
47,9,0,0,1,1,0,1,1,2,627,6.440946541,0,Summer
47,10,0,0,1,1,0,1,1,2,590,6.380122537,0,Summer
47,11,0,0,1,1,0,1,1,2,576,6.356107661,0,Summer
47,12,0,0,1,1,0,1,1,2,570,6.345636361,0,Summer
47,13,0,0,1,1,0,1,1,2,594,6.386879319,0,Summer
47,14,0,0,1,1,0,1,1,2,604,6.403574198,0,Summer
48,1,0,0,1,1,0,1,1,2,572,6.349138991,0,Summer
48,2,0,0,1,1,0,1,1,2,667,6.502790046,0,Summer
48,3,0,0,1,1,0,1,1,2,731,6.59441346,0,Summer
48,4,0,0,1,1,0,1,1,2,827,6.717804695,0,Summer
48,5,0,0,1,1,0,1,1,2,882,6.782192056,0,Summer
48,6,0,0,1,1,0,1,1,2,898,6.800170068,0,Summer
48,7,0,0,1,1,0,1,1,2,859,6.755768922,0,Summer
48,8,0,0,1,1,0,1,1,2,806,6.692083743,0,Summer
48,9,0,0,1,1,0,1,1,2,798,6.682108597,0,Summer
48,10,0,0,1,1,0,1,1,2,755,6.626717749,0,Summer
48,11,0,0,1,1,0,1,1,2,787,6.668228248,0,Summer
48,12,0,0,1,1,0,1,1,2,753,6.624065228,0,Summer
48,13,0,0,1,1,0,1,1,2,564,6.335054251,0,Summer
49,1,0,0,1,1,0,1,1,2,504,6.222576268,0,Summer
49,2,0,0,1,1,0,1,1,2,855,6.751101469,0,Summer
49,3,0,0,1,1,0,1,1,2,1056,6.962243464,1,Summer
49,4,0,0,1,1,0,1,1,2,1103,7.005789019,1,Summer
49,5,0,0,1,1,0,1,1,2,1099,7.002155954,1,Summer
49,6,0,0,1,1,0,1,1,2,1130,7.029972912,1,Summer
49,7,0,0,1,1,0,1,1,2,1162,7.057897937,1,Summer
49,8,0,0,1,1,0,1,1,2,1238,7.121252453,1,Summer
49,9,0,0,1,1,0,1,1,2,1236,7.119635638,1,Summer
49,10,0,0,1,1,0,1,1,2,1268,7.145196135,1,Summer
49,11,0,0,1,1,0,1,1,2,1271,7.147559271,1,Summer
49,12,0,0,1,1,0,1,1,2,1266,7.143617603,1,Summer
49,13,0,0,1,1,0,1,1,2,1253,7.133295955,1,Summer
50,1,0,0,1,1,0,1,2,1,536,6.284134161,0,Summer
50,2,0,0,1,1,0,1,2,1,536,6.284134161,0,Summer
50,3,0,0,1,1,0,1,2,1,528,6.269096284,0,Summer
50,4,0,0,1,1,0,1,2,1,559,6.326149473,0,Summer
50,5,0,0,1,1,0,1,2,1,557,6.32256524,0,Summer
50,6,0,0,1,1,0,1,2,1,554,6.317164687,0,Summer
50,7,0,0,1,1,0,1,2,1,571,6.34738921,0,Summer
50,8,0,0,1,1,0,1,2,1,570,6.345636361,0,Summer
50,9,0,0,1,1,0,1,2,1,584,6.369900983,0,Summer
50,10,0,0,1,1,0,1,2,1,570,6.345636361,0,Summer
50,11,0,0,1,1,0,1,2,1,589,6.378426184,0,Summer
50,12,0,0,1,1,0,1,2,1,604,6.403574198,0,Summer
50,13,0,0,1,1,0,1,2,1,586,6.37331979,0,Summer
50,14,0,0,1,1,0,1,2,1,582,6.366470448,0,Summer
50,15,1,1,0,1,7,2,1,1,4543,8.421342866,1,
50,16,1,1,0,1,7,2,1,1,4853,8.487352349,1,
50,17,1,1,0,1,7,2,1,1,3111,8.042699497,1,
50,18,1,1,0,1,7,2,1,1,2270,7.72753511,1,
50,19,1,1,0,1,7,2,1,1,1474,7.295735073,1,
51,1,0,0,1,1,0,1,2,1,630,6.445719819,0,Summer
51,2,0,0,1,1,0,1,2,1,643,6.466144724,0,Summer
51,3,0,0,1,1,0,1,2,1,596,6.390240667,0,Summer
51,4,0,0,1,1,0,1,2,1,626,6.439350371,0,Summer
51,5,0,0,1,1,0,1,2,1,627,6.440946541,0,Summer
51,6,0,0,1,1,0,1,2,1,617,6.424869024,0,Summer
51,7,0,0,1,1,0,1,2,1,615,6.421622268,0,Summer
51,8,0,0,1,1,0,1,2,1,616,6.423246964,0,Summer
51,9,0,0,1,1,0,1,2,1,618,6.426488457,0,Summer
51,10,0,0,1,1,0,1,2,1,627,6.440946541,0,Summer
51,11,0,0,1,1,0,1,2,1,593,6.385194399,0,Summer
51,12,0,0,1,1,0,1,2,1,559,6.326149473,0,Summer
51,13,0,0,1,1,0,1,2,1,566,6.338594078,0,Summer
51,14,0,0,1,1,0,1,2,1,555,6.318968114,0,Summer
51,15,0,0,1,1,0,1,2,1,525,6.263398263,0,Summer
51,16,0,0,1,1,0,1,2,1,516,6.246106765,0,Summer
51,17,1,1,0,1,7,2,1,3,2456,7.806289289,1,
51,18,1,1,0,1,7,2,1,2,2163,7.679251426,1,
51,19,1,1,0,1,7,2,1,3,2138,7.667626092,1,
51,20,1,1,0,1,7,2,1,3,1994,7.597897951,1,
51,21,1,1,0,1,7,2,1,3,1886,7.542213463,1,
51,22,1,1,0,1,7,2,1,3,1866,7.531552381,1,
51,23,1,1,0,1,7,2,1,2,1849,7.522400231,1,
51,24,1,1,0,1,7,2,1,2,1651,7.409136444,1,
51,25,1,1,0,1,7,2,1,2,1647,7.40671073,1,
51,26,1,1,0,1,7,2,1,3,1597,7.375882148,1,
51,27,1,1,0,1,7,2,1,2,1520,7.326465614,1,
51,28,1,1,0,1,7,2,1,2,1506,7.317212408,1,
51,29,1,1,0,1,7,2,1,2,1438,7.271008538,1,
51,30,1,1,0,1,7,2,1,2,1437,7.270312886,1,
51,31,1,1,0,1,7,2,1,2,1426,7.262628601,1,
51,32,1,1,0,1,7,2,1,3,1404,7.247080585,1,
51,33,1,1,0,1,7,2,1,2,1396,7.241366283,1,
51,34,1,1,0,1,7,2,1,2,1381,7.230563153,1,
51,35,1,1,0,1,7,2,1,2,1376,7.226936018,1,
51,36,1,1,0,1,7,2,1,3,1269,7.145984468,1,
52,1,0,0,1,1,0,1,2,1,564,6.335054251,0,Summer
52,2,0,0,1,1,0,1,2,1,652,6.480044562,0,Summer
52,3,0,0,1,1,0,1,2,1,685,6.529418838,0,Summer
52,4,0,0,1,1,0,1,2,1,747,6.616065185,0,Summer
52,5,0,0,1,1,0,1,2,1,720,6.579251212,0,Summer
52,6,0,0,1,1,0,1,2,1,743,6.610696045,0,Summer
52,7,0,0,1,1,0,1,2,1,708,6.562444094,0,Summer
52,8,0,0,1,1,0,1,2,1,691,6.538139824,0,Summer
52,9,0,0,1,1,0,1,2,1,685,6.529418838,0,Summer
52,10,0,0,1,1,0,1,2,1,693,6.541029999,0,Summer
52,11,0,0,1,1,0,1,2,1,699,6.549650742,0,Summer
52,12,0,0,1,1,0,1,2,1,715,6.572282543,0,Summer
52,13,0,0,1,1,0,1,2,1,762,6.635946556,0,Summer
52,14,0,0,1,1,0,1,2,1,809,6.695798917,0,Summer
53,1,0,0,1,1,0,2,2,1,484,6.182084907,0,Summer
53,2,0,0,1,1,0,2,2,1,500,6.214608098,0,Summer
53,3,0,0,1,1,0,2,2,1,506,6.226536669,0,Summer
53,4,0,0,1,1,0,2,2,1,540,6.29156914,0,Summer
53,5,0,0,1,1,0,2,2,1,523,6.259581464,0,Summer
53,6,0,0,1,1,0,2,2,1,530,6.272877007,0,Summer
53,7,0,0,1,1,0,2,2,1,535,6.282266747,0,Summer
53,8,0,0,1,1,0,2,2,1,519,6.251903883,0,Summer
53,9,0,0,1,1,0,2,2,1,515,6.244166901,0,Summer
53,10,0,0,1,1,0,2,2,1,531,6.274762021,0,Summer
53,11,0,0,1,1,0,2,2,1,543,6.29710932,0,Summer
53,12,0,0,1,1,0,2,2,1,519,6.251903883,0,Summer
53,13,0,0,1,1,0,2,2,1,534,6.280395839,0,Summer
54,1,0,0,1,1,0,1,2,1,526,6.265301213,0,Summer
54,2,0,0,1,1,0,1,2,1,523,6.259581464,0,Summer
54,3,0,0,1,1,0,1,2,1,541,6.293419279,0,Summer
54,4,0,0,1,1,0,1,2,1,533,6.278521424,0,Summer
54,5,0,0,1,1,0,1,2,1,520,6.253828812,0,Summer
54,6,0,0,1,1,0,1,2,1,542,6.295266001,0,Summer
54,7,0,0,1,1,0,1,2,1,519,6.251903883,0,Summer
54,8,0,0,1,1,0,1,2,1,534,6.280395839,0,Summer
54,9,0,0,1,1,0,1,2,1,526,6.265301213,0,Summer
54,10,0,0,1,1,0,1,2,1,510,6.234410726,0,Summer
54,11,0,0,1,1,0,1,2,1,508,6.230481448,0,Summer
54,12,0,0,1,1,0,1,2,1,497,6.208590026,0,Summer
54,13,0,0,1,1,0,1,2,1,526,6.265301213,0,Summer
55,1,0,0,1,1,10,1,2,2,475,6.163314804,0,Summer
55,2,0,0,1,1,10,1,2,2,830,6.721425701,0,Summer
55,3,0,0,1,1,10,1,2,2,885,6.785587645,0,Summer
55,4,0,0,1,1,10,1,2,2,902,6.80461452,0,Summer
55,5,0,0,1,1,10,1,2,2,898,6.800170068,0,Summer
55,6,0,0,1,1,10,1,2,2,880,6.779921907,0,Summer
55,7,0,0,1,1,10,1,2,2,880,6.779921907,0,Summer
55,8,0,0,1,1,10,1,2,2,833,6.725033642,0,Summer
55,9,0,0,1,1,10,1,2,2,876,6.775366091,0,Summer
55,10,1,1,0,1,7,2,1,3,1464,7.288927695,1,
55,11,1,1,0,1,7,2,1,3,1426,7.262628601,1,
55,12,1,1,0,1,7,2,1,3,1393,7.239214974,1,
55,13,1,1,0,1,7,2,1,1,1369,7.221835825,1,
55,14,1,1,0,1,7,2,1,2,1367,7.220373837,1,
55,15,1,1,0,1,7,2,1,3,1346,7.20489251,1,
55,16,1,1,0,1,7,2,1,3,1322,7.18690102,1,
55,17,1,1,0,1,7,2,1,3,1319,7.184629153,1,
55,18,1,1,0,1,7,2,1,3,1294,7.165493475,1,
55,19,1,1,0,1,7,2,1,3,1274,7.149916836,1,
55,20,1,1,0,1,7,2,1,3,1270,7.146772179,1,
55,21,1,1,0,1,7,2,1,2,1263,7.141245122,1,
56,1,0,0,1,1,0,1,2,2,786,6.666956792,0,Summer
56,2,0,0,1,1,0,1,2,2,871,6.769641977,0,Summer
56,3,0,0,1,1,0,1,2,2,887,6.787844982,0,Summer
56,4,0,0,1,1,0,1,2,2,906,6.809039306,0,Summer
56,5,0,0,1,1,0,1,2,2,972,6.879355804,0,Summer
56,6,0,0,1,1,0,1,2,2,995,6.902742737,0,Summer
56,7,0,0,1,1,0,1,2,2,1006,6.913737351,1,Summer
56,8,0,0,1,1,0,1,2,2,1004,6.9117473,1,Summer
56,9,0,0,1,1,0,1,2,2,999,6.906754779,0,Summer
56,10,0,0,1,1,0,1,2,2,652,6.480044562,0,Summer
56,11,1,1,0,1,8,2,1,1,4323,8.371704885,1,
56,12,1,1,0,1,8,2,1,2,4378,8.384347278,1,
56,13,1,1,0,1,8,2,1,2,3973,8.287276756,1,
56,14,1,1,0,1,8,2,1,2,3042,8.020270473,1,
56,15,1,1,0,1,8,2,1,1,2843,7.952615112,1,
56,16,1,1,0,1,8,2,1,1,2660,7.886081402,1,
56,17,1,1,0,1,8,2,1,2,2439,7.799343398,1,
56,18,1,1,0,1,8,2,1,1,2164,7.67971364,1,
56,19,1,1,0,1,8,2,1,3,2063,7.631916513,1,
56,20,1,1,0,1,8,2,1,2,1954,7.577633833,1,
56,21,1,1,0,1,8,2,1,2,1901,7.550135342,1,
56,22,1,1,0,1,8,2,1,2,1873,7.535296702,1,
56,23,1,1,0,1,8,2,1,2,1771,7.479299638,1,
56,24,1,1,0,1,8,2,1,2,1757,7.471363088,1,
56,25,1,1,0,1,8,2,1,2,1703,7.440146681,1,
56,26,1,1,0,1,8,2,1,2,1694,7.434847875,1,
56,27,1,1,0,1,8,2,1,3,1555,7.349230825,1,
56,28,1,1,0,1,8,2,1,2,1529,7.332369206,1,
56,29,1,1,0,1,8,2,1,3,1403,7.24636808,1,
56,30,1,1,0,1,8,2,1,3,1365,7.218909708,1,
56,31,1,1,0,1,8,2,1,2,1264,7.142036575,1,
57,1,0,0,1,1,0,1,2,1,577,6.357842267,0,Summer
57,2,0,0,1,1,0,1,2,1,590,6.380122537,0,Summer
57,3,0,0,1,1,0,1,2,1,597,6.391917113,0,Summer
57,4,0,0,1,1,0,1,2,1,574,6.352629396,0,Summer
57,5,0,0,1,1,0,1,2,1,586,6.37331979,0,Summer
57,6,0,0,1,1,0,1,2,2,606,6.406879986,0,Summer
57,7,0,0,1,1,0,1,2,2,593,6.385194399,0,Summer
57,8,0,0,1,1,0,1,2,2,573,6.350885717,0,Summer
57,9,0,0,1,1,0,1,2,2,572,6.349138991,0,Summer
57,10,0,0,1,1,0,1,2,2,587,6.37502482,0,Summer
57,11,0,0,1,1,0,1,2,2,575,6.354370041,0,Summer
57,12,0,0,1,1,0,1,2,2,606,6.406879986,0,Summer
57,13,0,0,1,1,0,1,2,2,623,6.434546519,0,Summer
57,14,0,0,1,1,0,1,2,2,621,6.431331082,0,Summer
57,15,1,1,0,1,9,2,1,3,2285,7.734121303,1,
57,16,1,1,0,1,9,2,1,3,1714,7.446585099,1,
57,17,1,1,0,1,9,2,1,3,1464,7.288927695,1,
57,18,1,1,0,1,9,2,1,3,1462,7.28756064,1,
57,19,1,1,0,1,9,2,1,3,1424,7.261225092,1,
57,20,1,1,0,1,9,2,1,3,1353,7.210079628,1,
57,21,1,1,0,1,9,2,1,3,1307,7.175489714,1,
57,22,1,1,0,1,9,2,1,2,1263,7.141245122,1,
58,1,0,0,1,1,0,1,2,1,534,6.280395839,0,Summer
58,2,0,0,1,1,0,1,2,1,569,6.343880434,0,Summer
58,3,0,0,1,1,0,1,2,1,559,6.326149473,0,Summer
58,4,0,0,1,1,0,1,2,1,551,6.311734809,0,Summer
58,5,0,0,1,1,0,1,2,1,537,6.285998095,0,Summer
58,6,0,0,1,1,0,1,2,1,551,6.311734809,0,Summer
58,7,0,0,1,1,0,1,2,1,551,6.311734809,0,Summer
58,8,0,0,1,1,0,1,2,1,541,6.293419279,0,Summer
58,9,0,0,1,1,0,1,2,1,541,6.293419279,0,Summer
58,10,0,0,1,1,0,1,2,1,531,6.274762021,0,Summer
58,11,0,0,1,1,0,1,2,1,542,6.295266001,0,Summer
58,12,0,0,1,1,0,1,2,1,539,6.289715571,0,Summer
58,13,0,0,1,1,0,1,2,1,533,6.278521424,0,Summer
59,1,0,0,1,1,0,1,2,2,695,6.543911846,0,Summer
59,2,0,0,1,1,0,1,2,2,930,6.835184586,0,Summer
59,3,0,0,1,1,0,1,2,2,1014,6.921658184,1,Summer
59,4,0,0,1,1,0,1,2,2,1102,7.00488199,1,Summer
59,5,0,0,1,1,0,1,2,2,1174,7.068172,1,Summer
59,6,0,0,1,1,0,1,2,2,1198,7.088408779,1,Summer
59,7,0,0,1,1,0,1,2,2,1301,7.170888479,1,Summer
59,8,0,0,1,1,0,1,2,2,1347,7.205635176,1,Summer
59,9,0,0,1,1,0,1,2,2,1372,7.224024808,1,Summer
59,10,0,0,1,1,0,1,2,2,1399,7.243512975,1,Summer
59,11,0,0,1,1,0,1,2,2,1387,7.23489842,1,Summer
59,12,0,0,1,1,0,1,2,2,1430,7.265429723,1,Summer
59,13,0,0,1,1,0,1,2,2,1453,7.281385664,1,Summer
59,14,0,0,1,1,0,1,2,2,900,6.802394763,0,Summer
59,15,1,1,0,1,9,2,1,3,1700,7.43838353,1,
60,1,0,0,1,1,0,1,2,2,509,6.232448017,0,Summer
60,2,0,0,1,1,0,1,2,2,725,6.586171655,0,Summer
60,3,0,0,1,1,0,1,2,2,1060,6.966024187,1,Summer
60,4,0,0,1,1,0,1,2,2,1089,6.993015123,1,Summer
60,5,0,0,1,1,0,1,2,2,1149,7.046647278,1,Summer
60,6,0,0,1,1,0,1,2,2,1242,7.124478262,1,Summer
60,7,0,0,1,1,0,1,2,2,1302,7.171656823,1,Summer
60,8,0,0,1,1,0,1,2,2,1349,7.207118856,1,Summer
60,9,0,0,1,1,0,1,2,2,1483,7.301822342,1,Summer
60,10,0,0,1,1,0,1,2,3,1512,7.321188557,1,Summer
60,11,0,0,1,1,0,1,2,3,1535,7.33628566,1,Summer
60,12,0,0,1,1,0,1,2,3,1591,7.372118028,1,Summer
60,13,0,0,1,1,0,1,2,3,1662,7.415776975,1,Summer
60,14,0,0,1,1,0,1,2,3,1708,7.443078374,1,Summer
60,15,1,1,0,1,9,2,1,1,4182,8.33854488,1,
60,16,1,1,0,1,9,2,1,1,3057,8.025189322,1,
60,17,1,1,0,1,9,2,1,1,2520,7.832014181,1,
60,18,1,1,0,1,9,2,1,1,2050,7.625595072,1,
60,19,1,1,0,1,9,2,1,1,2002,7.60190196,1,
60,20,1,1,0,1,9,2,1,1,1991,7.596392304,1,
60,21,1,1,0,1,9,2,1,1,1900,7.549609165,1,
60,22,1,1,0,1,9,2,1,1,1881,7.539558829,1,
60,23,1,1,0,1,9,2,1,1,1802,7.496652438,1,
60,24,1,1,0,1,9,2,1,2,1704,7.440733707,1,
60,25,1,1,0,1,9,2,1,1,1700,7.43838353,1,
60,26,1,1,0,1,9,2,1,1,1664,7.416979621,1,
60,27,1,1,0,1,9,2,1,2,1659,7.41397029,1,
60,28,1,1,0,1,9,2,1,1,1651,7.409136444,1,
60,29,1,1,0,1,9,2,1,1,1643,7.404279118,1,
60,30,1,1,0,1,9,2,1,1,1626,7.39387829,1,
60,31,1,1,0,1,9,2,1,1,1622,7.391415235,1,
60,32,1,1,0,1,9,2,1,1,1587,7.369600721,1,
60,33,1,1,0,1,9,2,1,1,1572,7.360103973,1,
60,34,1,1,0,1,9,2,1,1,1543,7.341483852,1,
60,35,1,1,0,1,9,2,1,2,1533,7.334981879,1,
60,36,1,1,0,1,9,2,1,1,1532,7.33432935,1,
60,37,1,1,0,1,9,2,1,1,1512,7.321188557,1,
60,38,1,1,0,1,9,2,1,1,1503,7.31521839,1,
60,39,1,1,0,1,9,2,1,1,1494,7.309212366,1,
60,40,1,1,0,1,9,2,1,1,1465,7.289610521,1,
60,41,1,1,0,1,9,2,1,1,1463,7.288244401,1,
60,42,1,1,0,1,9,2,1,1,1435,7.268920128,1,
60,43,1,1,0,1,9,2,1,1,1420,7.258412151,1,
60,44,1,1,0,1,9,2,1,1,1412,7.252762418,1,
60,45,1,1,0,1,9,2,1,2,1397,7.242082359,1,
60,46,1,1,0,1,9,2,1,2,1383,7.232010332,1,
60,47,1,1,0,1,9,2,1,2,1379,7.229113878,1,
60,48,1,1,0,1,9,2,1,1,1371,7.22329568,1,
60,49,1,1,0,1,9,2,1,2,1371,7.22329568,1,
60,50,1,1,0,1,9,2,1,2,1346,7.20489251,1,
60,51,1,1,0,1,9,2,1,1,1341,7.201170883,1,
60,52,1,1,0,1,9,2,1,1,1337,7.198183577,1,
60,53,1,1,0,1,9,2,1,2,1324,7.188412736,1,
60,54,1,1,0,1,9,2,1,1,1314,7.180831199,1,
60,55,1,1,0,1,9,2,1,2,1285,7.158513997,1,
60,56,1,1,0,1,9,2,1,1,1275,7.150701458,1,
60,57,1,1,0,1,9,2,1,1,1270,7.146772179,1,
60,58,1,1,0,1,9,2,1,1,1264,7.142036575,1,
61,1,0,0,1,1,0,1,2,3,724,6.584791392,0,Summer
61,2,0,0,1,1,0,1,2,3,683,6.52649486,0,Summer
61,3,0,0,1,1,0,1,2,3,691,6.538139824,0,Summer
61,4,0,0,1,1,0,1,2,3,738,6.603943825,0,Summer
61,5,0,0,1,1,0,1,2,3,704,6.556778356,0,Summer
61,6,0,0,1,1,0,1,2,3,680,6.522092798,0,Summer
61,7,0,0,1,1,0,1,2,3,697,6.546785411,0,Summer
61,8,0,0,1,1,0,1,2,3,693,6.541029999,0,Summer
61,9,0,0,1,1,0,1,2,3,715,6.572282543,0,Summer
61,10,0,0,1,1,0,1,2,3,720,6.579251212,0,Summer
61,11,0,0,1,1,0,1,2,3,746,6.6147256,0,Summer
61,12,0,0,1,1,0,1,2,3,735,6.599870499,0,Summer
61,13,0,0,1,1,0,1,2,3,731,6.59441346,0,Summer
61,14,0,0,1,1,0,1,2,3,735,6.599870499,0,Summer
61,15,0,0,1,1,0,1,2,3,744,6.612041035,0,Summer
61,16,0,0,1,1,0,1,2,3,765,6.639875834,0,Summer
62,1,0,0,1,1,0,1,2,3,537,6.285998095,0,Summer
62,2,0,0,1,1,0,1,2,3,561,6.329720906,0,Summer
62,3,0,0,1,1,0,1,2,3,613,6.418364936,0,Summer
62,4,0,0,1,1,0,1,2,3,634,6.452048954,0,Summer
62,5,0,0,1,1,0,1,2,3,663,6.49677499,0,Summer
63,1,0,0,1,1,0,1,2,2,565,6.336825731,0,Summer
63,2,0,0,1,1,0,1,2,2,622,6.432940093,0,Summer
63,3,0,0,1,1,0,1,2,2,626,6.439350371,0,Summer
63,4,0,0,1,1,0,1,2,2,618,6.426488457,0,Summer
63,5,0,0,1,1,0,1,2,2,612,6.416732283,0,Summer
63,6,0,0,1,1,0,1,2,2,609,6.411818268,0,Summer
63,7,0,0,1,1,0,1,2,2,589,6.378426184,0,Summer
63,8,0,0,1,1,0,1,2,2,584,6.369900983,0,Summer
64,1,0,0,1,1,0,1,2,2,584,6.369900983,0,Summer
64,2,0,0,1,1,0,1,2,2,563,6.333279628,0,Summer
64,3,0,0,1,1,0,1,2,2,713,6.56948142,0,Summer
64,4,0,0,1,1,0,1,2,2,794,6.677083461,0,Summer
64,5,0,0,1,1,0,1,2,2,790,6.672032945,0,Summer
64,6,0,0,1,1,0,1,2,2,691,6.538139824,0,Summer
64,7,0,0,1,1,0,1,2,2,671,6.508769137,0,Summer
65,1,0,0,1,1,0,1,2,2,568,6.342121419,0,Summer
65,2,0,0,1,1,0,1,2,2,656,6.486160789,0,Summer
65,3,0,0,1,1,0,1,2,2,642,6.464588304,0,Summer
65,4,0,0,1,1,0,1,2,2,603,6.401917197,0,Summer
65,5,0,0,1,1,0,1,2,2,652,6.480044562,0,Summer
65,6,0,0,1,1,0,1,2,2,633,6.450470422,0,Summer
65,7,0,0,1,1,0,1,2,2,635,6.453624999,0,Summer
65,8,0,0,1,1,0,1,2,2,656,6.486160789,0,Summer
65,9,0,0,1,1,0,1,2,2,620,6.429719478,0,Summer
65,10,0,0,1,1,0,1,2,2,598,6.393590754,0,Summer
65,11,0,0,1,1,0,1,2,2,628,6.442540166,0,Summer
65,12,0,0,1,1,0,1,2,2,609,6.411818268,0,Summer
66,1,0,0,1,1,0,2,1,2,545,6.300785795,0,Summer
66,2,0,0,1,1,0,2,1,2,622,6.432940093,0,Summer
66,3,0,0,1,1,0,2,1,2,699,6.549650742,0,Summer
66,4,0,0,1,1,0,2,1,2,678,6.519147288,0,Summer
66,5,0,0,1,1,0,2,1,2,665,6.499787041,0,Summer
66,6,0,0,1,1,0,2,1,2,663,6.49677499,0,Summer
66,7,0,0,1,1,0,2,1,2,646,6.470799504,0,Summer
66,8,0,0,1,1,0,2,1,2,667,6.502790046,0,Summer
66,9,0,0,1,1,0,2,1,2,627,6.440946541,0,Summer
66,10,0,0,1,1,0,2,1,2,623,6.434546519,0,Summer
66,11,0,0,1,1,0,2,1,2,614,6.419994928,0,Summer
66,12,0,0,1,1,0,2,1,2,626,6.439350371,0,Summer
66,13,0,0,1,1,0,2,1,2,626,6.439350371,0,Summer
66,14,0,0,1,1,0,2,1,2,651,6.478509642,0,Summer
66,15,0,0,1,1,0,2,1,2,645,6.469250317,0,Summer
66,16,0,0,1,1,0,2,1,2,626,6.439350371,0,Summer
67,1,0,0,1,1,0,2,1,1,631,6.447305863,0,Summer
67,2,0,0,1,1,0,2,1,1,656,6.486160789,0,Summer
67,3,0,0,1,1,0,2,1,1,674,6.513230111,0,Summer
67,4,0,0,1,1,0,2,1,1,676,6.516193076,0,Summer
67,5,0,0,1,1,0,2,1,1,689,6.535241271,0,Summer
67,6,0,0,1,1,0,2,1,1,659,6.490723535,0,Summer
67,7,0,0,1,1,0,2,1,1,658,6.489204931,0,Summer
67,8,0,0,1,1,0,2,1,1,644,6.467698726,0,Summer
67,9,0,0,1,1,0,2,1,1,636,6.455198563,0,Summer
67,10,0,0,1,1,0,2,1,1,634,6.452048954,0,Summer
67,11,0,0,1,1,0,2,1,1,640,6.461468176,0,Summer
67,12,0,0,1,1,0,2,1,1,627,6.440946541,0,Summer
67,13,0,0,1,1,0,2,1,1,615,6.421622268,0,Summer
67,14,0,0,1,1,0,2,1,1,573,6.350885717,0,Summer
68,1,0,0,1,1,0,1,2,2,539,6.289715571,0,Summer
68,2,0,0,1,1,0,1,2,2,579,6.361302478,0,Summer
68,3,0,0,1,1,0,1,2,2,571,6.34738921,0,Summer
68,4,0,0,1,1,0,1,2,2,555,6.318968114,0,Summer
68,5,0,0,1,1,0,1,2,2,592,6.383506635,0,Summer
68,6,0,0,1,1,0,1,2,2,582,6.366470448,0,Summer
68,7,0,0,1,1,0,1,2,2,572,6.349138991,0,Summer
68,8,0,0,1,1,0,1,2,2,595,6.388561406,0,Summer
68,9,0,0,1,1,0,1,2,2,593,6.385194399,0,Summer
68,10,0,0,1,1,0,1,2,2,587,6.37502482,0,Summer
68,11,0,0,1,1,0,1,2,2,596,6.390240667,0,Summer
68,12,0,0,1,1,0,1,2,2,613,6.418364936,0,Summer
68,13,0,0,1,1,0,1,2,2,616,6.423246964,0,Summer
68,14,0,0,1,1,0,1,2,2,600,6.396929655,0,Summer
68,15,0,0,1,1,0,1,2,2,582,6.366470448,0,Summer
69,1,0,0,1,1,0,1,2,2,577,6.357842267,0,Summer
69,2,0,0,1,1,0,1,2,2,629,6.444131257,0,Summer
69,3,0,0,1,1,0,1,2,2,667,6.502790046,0,Summer
69,4,0,0,1,1,0,1,2,2,649,6.475432717,0,Summer
69,5,0,0,1,1,0,1,2,2,657,6.487684018,0,Summer
69,6,0,0,1,1,0,1,2,2,649,6.475432717,0,Summer
69,7,0,0,1,1,0,1,2,2,634,6.452048954,0,Summer
69,8,0,0,1,1,0,1,2,2,673,6.51174533,0,Summer
69,9,0,0,1,1,0,1,2,2,660,6.492239835,0,Summer
69,10,0,0,1,1,0,1,2,2,678,6.519147288,0,Summer
69,11,0,0,1,1,0,1,2,2,660,6.492239835,0,Summer
69,12,0,0,1,1,0,1,2,2,592,6.383506635,0,Summer
69,13,0,0,1,1,0,1,2,2,555,6.318968114,0,Summer
69,14,0,0,1,1,0,1,2,2,598,6.393590754,0,Summer
69,15,0,0,1,1,0,1,2,2,610,6.413458957,0,Summer
70,1,0,0,1,1,0,1,2,2,551,6.311734809,0,Summer
70,2,0,0,1,1,0,1,2,2,648,6.473890696,0,Summer
70,3,0,0,1,1,0,1,2,2,648,6.473890696,0,Summer
70,4,0,0,1,1,0,1,2,2,735,6.599870499,0,Summer
70,5,0,0,1,1,0,1,2,2,836,6.728628613,0,Summer
70,6,0,0,1,1,0,1,2,2,954,6.860663671,0,Summer
70,7,0,0,1,1,0,1,2,2,1082,6.986566459,1,Summer
70,8,0,0,1,1,0,1,2,2,1194,7.085064294,1,Summer
70,9,0,0,1,1,0,1,2,2,1282,7.156176637,1,Summer
70,10,0,0,1,1,0,1,2,2,1372,7.224024808,1,Summer
70,11,0,0,1,1,0,1,2,2,1456,7.283448229,1,Summer
70,12,0,0,1,1,0,1,2,2,1488,7.305188215,1,Summer
70,13,0,0,1,1,0,1,2,2,1550,7.34601021,1,Summer
70,14,0,0,1,1,0,1,2,2,1629,7.395721609,1,Summer
70,15,0,0,1,1,0,1,2,2,1679,7.425953657,1,Summer
70,16,0,0,1,1,0,1,2,2,1695,7.43543802,1,Summer
70,17,0,0,1,1,0,1,2,2,1721,7.450660796,1,Summer
70,18,0,0,1,1,0,1,2,2,1731,7.456454555,1,Summer
70,19,0,0,1,1,0,1,2,2,1792,7.491087594,1,Summer
70,20,0,0,1,1,0,1,2,2,1743,7.463363046,1,Summer
71,1,0,0,1,1,0,1,2,1,514,6.242223265,0,Summer
71,2,0,0,1,1,0,1,2,1,727,6.588926478,0,Summer
71,3,0,0,1,1,0,1,2,1,792,6.674561392,0,Summer
71,4,0,0,1,1,0,1,2,1,858,6.754604099,0,Summer
71,5,0,0,1,1,0,1,2,1,923,6.827629235,0,Summer
71,6,0,0,1,1,0,1,2,1,952,6.858565035,0,Summer
71,7,0,0,1,1,0,1,2,1,991,6.898714534,0,Summer
71,8,0,0,1,1,0,1,2,1,1011,6.918695219,1,Summer
71,9,0,0,1,1,0,1,2,1,1007,6.914730893,1,Summer
71,10,0,0,1,1,0,1,2,1,1040,6.946975992,1,Summer
71,11,0,0,1,1,0,1,2,1,1018,6.925595197,1,Summer
71,12,0,0,1,1,0,1,2,1,1043,6.949856455,1,Summer
71,13,0,0,1,1,0,1,2,1,1057,6.963189986,1,Summer
71,14,0,0,1,1,0,1,2,1,1061,6.966967139,1,Summer
71,15,0,0,1,1,0,1,2,1,1013,6.920671504,1,Summer
71,16,0,0,1,1,0,1,2,1,540,6.29156914,0,Summer
72,1,0,0,1,1,0,1,2,2,550,6.309918278,0,Summer
72,2,0,0,1,1,0,1,2,2,547,6.304448802,0,Summer
72,3,0,0,1,1,0,1,2,2,554,6.317164687,0,Summer
72,4,0,0,1,1,0,1,2,2,564,6.335054251,0,Summer
72,5,0,0,1,1,0,1,2,2,578,6.359573869,0,Summer
72,6,0,0,1,1,0,1,2,2,553,6.315358002,0,Summer
72,7,0,0,1,1,0,1,2,2,572,6.349138991,0,Summer
72,8,0,0,1,1,0,1,2,2,571,6.34738921,0,Summer
72,9,0,0,1,1,0,1,2,2,595,6.388561406,0,Summer
72,10,0,0,1,1,0,1,2,2,582,6.366470448,0,Summer
72,11,0,0,1,1,0,1,2,2,614,6.419994928,0,Summer
72,12,0,0,1,1,0,1,2,2,650,6.476972363,0,Summer
72,13,0,0,1,1,0,1,2,2,600,6.396929655,0,Summer
72,14,0,0,1,1,0,1,2,2,603,6.401917197,0,Summer
72,15,0,0,1,1,0,1,2,2,611,6.415096959,0,Summer
73,1,0,0,1,1,0,1,2,2,704,6.556778356,0,Summer
73,2,0,0,1,1,0,1,2,2,726,6.587550015,0,Summer
73,3,0,0,1,1,0,1,2,2,699,6.549650742,0,Summer
73,4,0,0,1,1,0,1,2,2,694,6.542471961,0,Summer
73,5,0,0,1,1,0,1,2,2,682,6.525029658,0,Summer
73,6,0,0,1,1,0,1,2,2,647,6.472346295,0,Summer
73,7,0,0,1,1,0,1,2,2,674,6.513230111,0,Summer
73,8,0,0,1,1,0,1,2,2,656,6.486160789,0,Summer
73,9,0,0,1,1,0,1,2,2,672,6.510258341,0,Summer
73,10,0,0,1,1,0,1,2,2,678,6.519147288,0,Summer
73,11,0,0,1,1,0,1,2,2,643,6.466144724,0,Summer
73,12,0,0,1,1,0,1,2,2,635,6.453624999,0,Summer
73,13,0,0,1,1,0,1,2,2,574,6.352629396,0,Summer
73,14,0,0,1,1,0,1,2,2,575,6.354370041,0,Summer
74,1,0,0,1,1,0,2,1,2,563,6.333279628,0,Summer
74,2,0,0,1,1,0,2,1,2,606,6.406879986,0,Summer
74,3,0,0,1,1,0,2,1,2,630,6.445719819,0,Summer
74,4,0,0,1,1,0,2,1,2,618,6.426488457,0,Summer
74,5,0,0,1,1,0,2,1,2,600,6.396929655,0,Summer
74,6,0,0,1,1,0,2,1,2,605,6.405228458,0,Summer
74,7,0,0,1,1,0,2,1,2,616,6.423246964,0,Summer
74,8,0,0,1,1,0,2,1,2,610,6.413458957,0,Summer
74,9,0,0,1,1,0,2,1,2,619,6.428105273,0,Summer
74,10,0,0,1,1,0,2,1,2,645,6.469250317,0,Summer
74,11,0,0,1,1,0,2,1,2,611,6.415096959,0,Summer
74,12,0,0,1,1,0,2,1,2,620,6.429719478,0,Summer
74,13,0,0,1,1,0,2,1,2,593,6.385194399,0,Summer
74,14,0,0,1,1,0,2,1,2,603,6.401917197,0,Summer
74,15,0,0,1,1,0,2,1,2,617,6.424869024,0,Summer
74,16,0,0,1,1,0,2,1,2,627,6.440946541,0,Summer
74,17,0,0,1,1,0,2,1,2,635,6.453624999,0,Summer
74,18,0,0,1,1,0,2,1,2,625,6.43775165,0,Summer
75,1,0,0,1,1,0,1,2,2,700,6.551080335,0,Summer
75,2,0,0,1,1,0,1,2,2,804,6.689599269,0,Summer
75,3,0,0,1,1,0,1,2,2,839,6.732210706,0,Summer
75,4,0,0,1,1,0,1,2,2,884,6.784457063,0,Summer
75,5,0,0,1,1,0,1,2,2,892,6.793466133,0,Summer
75,6,0,0,1,1,0,1,2,2,960,6.866933284,0,Summer
75,7,0,0,1,1,0,1,2,2,937,6.842683282,0,Summer
75,8,0,0,1,1,0,1,2,2,910,6.8134446,0,Summer
75,9,0,0,1,1,0,1,2,2,923,6.827629235,0,Summer
75,10,0,0,1,1,0,1,2,2,894,6.795705775,0,Summer
75,11,0,0,1,1,0,1,2,2,884,6.784457063,0,Summer
75,12,0,0,1,1,0,1,2,2,779,6.658011046,0,Summer
76,1,0,0,1,1,0,1,2,2,581,6.364750757,0,Summer
76,2,0,0,1,1,0,1,2,2,585,6.371611847,0,Summer
76,3,0,0,1,1,0,1,2,2,589,6.378426184,0,Summer
76,4,0,0,1,1,0,1,2,2,608,6.410174882,0,Summer
76,5,0,0,1,1,0,1,2,2,608,6.410174882,0,Summer
76,6,0,0,1,1,0,1,2,3,601,6.398594935,0,Summer
76,7,0,0,1,1,0,1,2,3,629,6.444131257,0,Summer
76,8,0,0,1,1,0,1,2,3,634,6.452048954,0,Summer
76,9,0,0,1,1,0,1,2,3,651,6.478509642,0,Summer
76,10,0,0,1,1,0,1,2,3,667,6.502790046,0,Summer
76,11,0,0,1,1,0,1,2,3,664,6.498282149,0,Summer
76,12,0,0,1,1,0,1,2,3,672,6.510258341,0,Summer
76,13,0,0,1,1,0,1,2,3,707,6.561030666,0,Summer
76,14,0,0,1,1,0,1,2,3,740,6.606650186,0,Summer
77,1,0,0,1,1,0,1,2,3,669,6.50578406,0,Summer
77,2,0,0,1,1,0,1,2,3,687,6.532334292,0,Summer
77,3,0,0,1,1,0,1,2,3,693,6.541029999,0,Summer
77,4,0,0,1,1,0,1,2,3,660,6.492239835,0,Summer
77,5,0,0,1,1,0,1,2,3,667,6.502790046,0,Summer
77,6,0,0,1,1,0,1,2,3,670,6.507277712,0,Summer
77,7,0,0,1,1,0,1,2,3,658,6.489204931,0,Summer
77,8,0,0,1,1,0,1,2,3,633,6.450470422,0,Summer
77,9,0,0,1,1,0,1,2,3,681,6.523562306,0,Summer
77,10,0,0,1,1,0,1,2,3,645,6.469250317,0,Summer
77,11,0,0,1,1,0,1,2,3,621,6.431331082,0,Summer
77,12,0,0,1,1,0,1,2,3,606,6.406879986,0,Summer
77,13,0,0,1,1,0,1,2,3,624,6.436150368,0,Summer
77,14,0,0,1,1,0,1,2,3,610,6.413458957,0,Summer
78,1,0,0,1,1,0,1,2,2,546,6.302618976,0,Summer
78,2,0,0,1,1,0,1,2,2,638,6.458338283,0,Summer
78,3,0,0,1,1,0,1,2,2,741,6.608000625,0,Summer
78,4,0,0,1,1,0,1,2,2,831,6.722629795,0,Summer
78,5,0,0,1,1,0,1,2,2,862,6.759255271,0,Summer
78,6,0,0,1,1,0,1,2,2,868,6.766191715,0,Summer
78,7,0,0,1,1,0,1,2,2,821,6.710523109,0,Summer
78,8,0,0,1,1,0,1,2,2,831,6.722629795,0,Summer
78,9,0,0,1,1,0,1,2,2,832,6.723832441,0,Summer
78,10,0,0,1,1,0,1,2,2,846,6.74051936,0,Summer
78,11,0,0,1,1,0,1,2,2,821,6.710523109,0,Summer
78,12,0,0,1,1,0,1,2,2,542,6.295266001,0,Summer
79,1,0,0,1,1,0,1,2,1,689,6.535241271,0,Autumn
80,1,0,0,1,1,0,1,2,1,663,6.49677499,0,Autumn
80,2,0,0,1,1,0,1,2,1,632,6.448889394,0,Autumn
80,3,0,0,1,1,0,1,2,1,659,6.490723535,0,Autumn
80,4,0,0,1,1,0,1,2,1,618,6.426488457,0,Autumn
80,5,0,0,1,1,0,1,2,1,596,6.390240667,0,Autumn
80,6,0,0,1,1,0,1,2,1,615,6.421622268,0,Autumn
80,7,0,0,1,1,0,1,2,1,611,6.415096959,0,Autumn
80,8,0,0,1,1,0,1,2,1,632,6.448889394,0,Autumn
80,9,0,0,1,1,0,1,2,1,596,6.390240667,0,Autumn
80,10,0,0,1,1,0,1,2,1,578,6.359573869,0,Autumn
80,11,0,0,1,1,0,1,2,1,548,6.306275287,0,Autumn
80,12,0,0,1,1,0,1,2,1,508,6.230481448,0,Autumn
80,13,0,0,1,1,0,1,2,1,559,6.326149473,0,Autumn
81,1,0,0,1,1,0,1,2,1,582,6.366470448,0,Autumn
81,2,0,0,1,1,0,1,2,1,612,6.416732283,0,Autumn
81,3,0,0,1,1,0,1,2,1,613,6.418364936,0,Autumn
81,4,0,0,1,1,0,1,2,1,583,6.368187186,0,Autumn
81,5,0,0,1,1,0,1,2,1,571,6.34738921,0,Autumn
81,6,0,0,1,1,0,1,2,1,610,6.413458957,0,Autumn
81,7,0,0,1,1,0,1,2,1,607,6.408528791,0,Autumn
81,8,0,0,1,1,0,1,2,1,638,6.458338283,0,Autumn
81,9,0,0,1,1,0,1,2,1,551,6.311734809,0,Autumn
81,10,0,0,1,1,0,1,2,1,538,6.28785856,0,Autumn
81,11,0,0,1,1,0,1,2,1,570,6.345636361,0,Autumn
82,1,0,0,1,1,0,1,2,1,636,6.455198563,0,Autumn
82,2,0,0,1,1,0,1,2,1,633,6.450470422,0,Autumn
82,3,0,0,1,1,0,1,2,1,626,6.439350371,0,Autumn
82,4,0,0,1,1,0,1,2,1,652,6.480044562,0,Autumn
82,5,0,0,1,1,0,1,2,2,633,6.450470422,0,Autumn
82,6,0,0,1,1,0,1,2,2,647,6.472346295,0,Autumn
82,7,0,0,1,1,0,1,2,2,635,6.453624999,0,Autumn
82,8,0,0,1,1,0,1,2,2,646,6.470799504,0,Autumn
82,9,0,0,1,1,0,1,2,2,655,6.484635236,0,Autumn
82,10,0,0,1,1,0,1,2,2,610,6.413458957,0,Autumn
82,11,0,0,1,1,0,1,2,2,600,6.396929655,0,Autumn
82,12,0,0,1,1,0,1,2,2,618,6.426488457,0,Autumn
82,13,0,0,1,1,0,1,2,2,599,6.395261598,0,Autumn
82,14,0,0,1,1,0,1,2,2,579,6.361302478,0,Autumn
83,1,0,0,1,1,0,1,2,2,751,6.621405652,0,Autumn
83,2,0,0,1,1,0,1,2,2,718,6.576469569,0,Autumn
83,3,0,0,1,1,0,1,2,2,791,6.673297968,0,Autumn
83,4,0,0,1,1,0,1,2,2,827,6.717804695,0,Autumn
83,5,0,0,1,1,0,1,2,2,878,6.777646594,0,Autumn
83,6,0,0,1,1,0,1,2,2,919,6.823286122,0,Autumn
83,7,0,0,1,1,0,1,2,2,1006,6.913737351,1,Autumn
83,8,0,0,1,1,0,1,2,2,1068,6.97354302,1,Autumn
83,9,0,0,1,1,0,1,2,2,1078,6.982862751,1,Autumn
83,10,0,0,1,1,0,1,2,2,1129,7.029087564,1,Autumn
83,11,0,0,1,1,0,1,2,2,1164,7.059617628,1,Autumn
83,12,0,0,1,1,0,1,2,2,1149,7.046647278,1,Autumn
83,13,0,0,1,1,0,1,2,2,1095,6.998509642,1,Autumn
83,14,0,0,1,1,0,1,2,2,1090,6.993932975,1,Autumn
83,15,0,0,1,1,0,1,2,2,1102,7.00488199,1,Autumn
84,1,0,0,1,1,0,1,1,2,549,6.308098442,0,Autumn
84,2,0,0,1,1,0,1,1,2,702,6.553933404,0,Autumn
84,3,0,0,1,1,0,1,1,2,812,6.69950034,0,Autumn
84,4,0,0,1,1,0,1,1,2,858,6.754604099,0,Autumn
84,5,0,0,1,1,0,1,1,2,912,6.81563999,0,Autumn
84,6,0,0,1,1,0,1,1,2,903,6.805722553,0,Autumn
84,7,0,0,1,1,0,1,1,2,946,6.852242569,0,Autumn
84,8,0,0,1,1,0,1,1,2,941,6.84694314,0,Autumn
84,9,0,0,1,1,0,1,1,2,963,6.870053412,0,Autumn
84,10,0,0,1,1,0,1,1,2,947,6.853299093,0,Autumn
84,11,0,0,1,1,0,1,1,2,920,6.82437367,0,Autumn
84,12,0,0,1,1,0,1,1,2,880,6.779921907,0,Autumn
84,13,0,0,1,1,0,1,1,2,639,6.459904454,0,Autumn
85,1,0,0,1,1,0,1,2,1,642,6.464588304,0,Autumn
85,2,0,0,1,1,0,1,2,1,597,6.391917113,0,Autumn
85,3,0,0,1,1,0,1,2,1,621,6.431331082,0,Autumn
85,4,0,0,1,1,0,1,2,1,619,6.428105273,0,Autumn
85,5,0,0,1,1,0,1,2,1,607,6.408528791,0,Autumn
85,6,0,0,1,1,0,1,2,1,577,6.357842267,0,Autumn
85,7,0,0,1,1,0,1,2,1,579,6.361302478,0,Autumn
85,8,0,0,1,1,0,1,2,1,606,6.406879986,0,Autumn
85,9,0,0,1,1,0,1,2,1,628,6.442540166,0,Autumn
85,10,0,0,1,1,0,1,2,2,642,6.464588304,0,Autumn
85,11,0,0,1,1,0,1,2,2,671,6.508769137,0,Autumn
85,12,0,0,1,1,0,1,2,2,700,6.551080335,0,Autumn
86,1,0,0,1,1,0,1,2,1,703,6.555356892,0,Autumn
86,2,0,0,1,1,0,1,2,1,692,6.539585956,0,Autumn
86,3,0,0,1,1,0,1,2,1,699,6.549650742,0,Autumn
86,4,0,0,1,1,0,1,2,1,704,6.556778356,0,Autumn
86,5,0,0,1,1,0,1,2,1,678,6.519147288,0,Autumn
86,6,0,0,1,1,0,1,2,1,652,6.480044562,0,Autumn
86,7,0,0,1,1,0,1,2,1,660,6.492239835,0,Autumn
86,8,0,0,1,1,0,1,2,1,624,6.436150368,0,Autumn
86,9,0,0,1,1,0,1,2,1,624,6.436150368,0,Autumn
86,10,0,0,1,1,0,1,2,1,621,6.431331082,0,Autumn
86,11,0,0,1,1,0,1,2,2,633,6.450470422,0,Autumn
86,12,0,0,1,1,0,1,2,2,623,6.434546519,0,Autumn
86,13,0,0,1,1,0,1,2,2,621,6.431331082,0,Autumn
86,14,0,0,1,1,0,1,2,2,662,6.495265556,0,Autumn
86,15,0,0,1,1,0,1,2,2,728,6.590301048,0,Autumn
87,1,0,0,1,1,0,1,2,3,539,6.289715571,0,Autumn
87,2,0,0,1,1,0,1,2,3,619,6.428105273,0,Autumn
87,3,0,0,1,1,0,1,2,3,690,6.536691598,0,Autumn
87,4,0,0,1,1,0,1,2,3,869,6.767343125,0,Autumn
87,5,0,0,1,1,0,1,2,3,957,6.863803391,0,Autumn
87,6,0,0,1,1,0,1,2,3,1042,6.948897222,1,Autumn
87,7,0,0,1,1,0,1,2,3,1139,7.037905963,1,Autumn
87,8,0,0,1,1,0,1,2,3,1173,7.067319849,1,Autumn
87,9,0,0,1,1,0,1,2,3,1210,7.098375639,1,Autumn
87,10,0,0,1,1,0,1,2,3,1238,7.121252453,1,Autumn
87,11,0,0,1,1,0,1,2,3,1270,7.146772179,1,Autumn
87,12,0,0,1,1,0,1,2,3,1255,7.134890852,1,Autumn
87,13,0,0,1,1,0,1,2,3,1214,7.101675972,1,Autumn
87,14,0,0,1,1,0,1,2,3,773,6.650279049,0,Autumn
88,1,0,0,1,1,0,1,2,2,710,6.56526497,0,Autumn
88,2,0,0,1,1,0,1,2,2,756,6.628041376,0,Autumn
88,3,0,0,1,1,0,1,2,2,791,6.673297968,0,Autumn
88,4,0,0,1,1,0,1,2,2,802,6.687108608,0,Autumn
88,5,0,0,1,1,0,1,2,2,821,6.710523109,0,Autumn
88,6,0,0,1,1,0,1,2,2,835,6.727431725,0,Autumn
88,7,0,0,1,1,0,1,2,2,838,6.7310181,0,Autumn
88,8,0,0,1,1,0,1,2,2,817,6.705639095,0,Autumn
88,9,0,0,1,1,0,1,2,2,832,6.723832441,0,Autumn
88,10,0,0,1,1,0,1,2,2,813,6.70073111,0,Autumn
88,11,0,0,1,1,0,1,2,2,842,6.735780014,0,Autumn
88,12,0,0,1,1,0,1,2,2,844,6.738152495,0,Autumn
88,13,0,0,1,1,0,1,2,2,860,6.756932389,0,Autumn
88,14,0,0,1,1,0,1,2,2,880,6.779921907,0,Autumn
88,15,0,0,1,1,0,1,2,2,867,6.765038977,0,Autumn
88,16,0,0,1,1,0,1,2,2,870,6.768493212,0,Autumn
88,17,0,0,1,1,0,1,2,2,865,6.762729507,0,Autumn
89,1,0,0,1,1,0,1,2,2,544,6.298949247,0,Autumn
89,2,0,0,1,1,0,1,2,2,569,6.343880434,0,Autumn
89,3,0,0,1,1,0,1,2,2,602,6.400257445,0,Autumn
89,4,0,0,1,1,0,1,2,2,606,6.406879986,0,Autumn
89,5,0,0,1,1,0,1,2,2,590,6.380122537,0,Autumn
89,6,0,0,1,1,0,1,2,2,585,6.371611847,0,Autumn
89,7,0,0,1,1,0,1,2,2,594,6.386879319,0,Autumn
89,8,0,0,1,1,0,1,2,2,605,6.405228458,0,Autumn
89,9,0,0,1,1,0,1,2,2,620,6.429719478,0,Autumn
89,10,0,0,1,1,0,1,2,2,631,6.447305863,0,Autumn
89,11,0,0,1,1,0,1,2,2,622,6.432940093,0,Autumn
89,12,0,0,1,1,0,1,2,2,635,6.453624999,0,Autumn
89,13,0,0,1,1,0,1,2,2,646,6.470799504,0,Autumn
89,14,0,0,1,1,0,1,2,2,623,6.434546519,0,Autumn
89,15,0,0,1,1,0,1,2,2,622,6.432940093,0,Autumn
89,16,0,0,1,1,0,1,2,2,625,6.43775165,0,Autumn
90,1,0,0,1,1,0,1,2,2,636,6.455198563,0,Autumn
90,2,0,0,1,1,0,1,2,2,636,6.455198563,0,Autumn
90,3,0,0,1,1,0,1,2,2,641,6.463029457,0,Autumn
90,4,0,0,1,1,0,1,2,2,621,6.431331082,0,Autumn
90,5,0,0,1,1,0,1,2,2,615,6.421622268,0,Autumn
90,6,0,0,1,1,0,1,2,2,623,6.434546519,0,Autumn
90,7,0,0,1,1,0,1,2,2,603,6.401917197,0,Autumn
90,8,0,0,1,1,0,1,2,2,624,6.436150368,0,Autumn
90,9,0,0,1,1,0,1,2,2,583,6.368187186,0,Autumn
90,10,0,0,1,1,0,1,2,2,580,6.363028104,0,Autumn
90,11,0,0,1,1,0,1,2,2,586,6.37331979,0,Autumn
90,12,0,0,1,1,0,1,2,2,590,6.380122537,0,Autumn
90,13,0,0,1,1,0,1,2,2,592,6.383506635,0,Autumn
90,14,0,0,1,1,0,1,2,2,570,6.345636361,0,Autumn
90,15,0,0,1,1,0,1,2,2,579,6.361302478,0,Autumn
91,1,0,0,1,1,0,2,2,2,521,6.255750042,0,Autumn
91,2,0,0,1,1,0,2,2,2,551,6.311734809,0,Autumn
91,3,0,0,1,1,0,2,2,2,628,6.442540166,0,Autumn
91,4,0,0,1,1,0,2,2,2,660,6.492239835,0,Autumn
91,5,0,0,1,1,0,2,2,2,719,6.577861358,0,Autumn
91,6,0,0,1,1,0,2,2,2,692,6.539585956,0,Autumn
91,7,0,0,1,1,0,2,2,2,686,6.530877628,0,Autumn
91,8,0,0,1,1,0,2,2,2,692,6.539585956,0,Autumn
91,9,0,0,1,1,0,2,2,2,664,6.498282149,0,Autumn
91,10,0,0,1,1,0,2,2,2,695,6.543911846,0,Autumn
91,11,0,0,1,1,0,2,2,2,688,6.533788838,0,Autumn
91,12,0,0,1,1,0,2,2,2,698,6.548219103,0,Autumn
91,13,0,0,1,1,0,2,2,2,714,6.570882962,0,Autumn
91,14,0,0,1,1,0,2,2,2,706,6.559615237,0,Autumn
91,15,0,0,1,1,0,2,2,2,715,6.572282543,0,Autumn
91,16,0,0,1,1,0,2,2,2,590,6.380122537,0,Autumn
91,17,0,0,1,1,0,2,2,2,525,6.263398263,0,Autumn
91,18,0,0,1,1,0,2,2,2,502,6.21860012,0,Autumn
91,19,0,0,1,1,0,2,2,2,503,6.22059017,0,Autumn
91,20,0,0,1,1,0,2,2,2,623,6.434546519,0,Autumn
91,21,0,0,1,1,0,2,2,2,598,6.393590754,0,Autumn
92,1,0,0,1,1,0,1,2,3,810,6.697034248,0,Autumn
92,2,0,0,1,1,0,1,2,3,917,6.821107472,0,Autumn
92,3,0,0,1,1,0,1,2,3,983,6.89060912,0,Autumn
92,4,0,0,1,1,0,1,2,3,1041,6.947937069,1,Autumn
92,5,0,0,1,1,0,1,2,3,1111,7.01301579,1,Autumn
92,6,0,0,1,1,0,1,2,3,1160,7.056175284,1,Autumn
92,7,0,0,1,1,0,1,2,3,1199,7.089243155,1,Autumn
92,8,0,0,1,1,0,1,2,3,987,6.894670039,0,Autumn
92,9,0,0,1,1,0,1,2,3,1072,6.977281342,1,Autumn
92,10,0,0,1,1,0,1,2,3,1136,7.035268599,1,Autumn
92,11,0,0,1,1,0,1,2,3,1211,7.099201744,1,Autumn
92,12,0,0,1,1,0,1,2,3,1239,7.122059882,1,Autumn
93,1,0,0,1,2,0,1,2,2,692,6.539585956,0,Autumn
93,2,0,0,1,2,0,1,2,2,694,6.542471961,0,Autumn
93,3,0,0,1,2,0,1,2,2,663,6.49677499,0,Autumn
93,4,0,0,1,2,0,1,2,2,651,6.478509642,0,Autumn
93,5,0,0,1,2,0,1,2,2,698,6.548219103,0,Autumn
93,6,0,0,1,2,0,1,2,2,740,6.606650186,0,Autumn
93,7,0,0,1,2,0,1,2,3,782,6.661854741,0,Autumn
93,8,0,0,1,2,0,1,2,3,719,6.577861358,0,Autumn
93,9,0,0,1,2,0,1,2,3,734,6.598509029,0,Autumn
93,10,0,0,1,2,0,1,2,3,804,6.689599269,0,Autumn
93,11,0,0,1,2,0,1,2,3,857,6.753437919,0,Autumn
93,12,0,0,1,2,0,1,2,3,837,6.72982407,0,Autumn
93,13,0,0,1,2,0,1,2,3,837,6.72982407,0,Autumn
93,14,0,0,1,2,0,1,2,3,844,6.738152495,0,Autumn
93,15,0,0,1,2,0,1,2,3,816,6.704414355,0,Autumn
94,1,0,0,1,2,0,1,2,3,822,6.711740395,0,Autumn
94,2,0,0,1,2,0,1,2,3,808,6.694562059,0,Autumn
94,3,0,0,1,2,0,1,2,3,783,6.663132696,0,Autumn
94,4,0,0,1,2,0,1,2,3,701,6.552507887,0,Autumn
95,1,0,0,1,2,0,1,2,3,760,6.633318433,0,Autumn
95,2,0,0,1,2,0,1,2,3,754,6.625392368,0,Autumn
95,3,0,0,1,2,0,1,2,3,737,6.602587892,0,Autumn
95,4,0,0,1,2,0,1,2,3,716,6.573680167,0,Autumn
95,5,0,0,1,2,0,1,2,3,673,6.51174533,0,Autumn
95,6,0,0,1,2,0,1,2,3,634,6.452048954,0,Autumn
95,7,0,0,1,2,0,1,2,3,670,6.507277712,0,Autumn
96,1,0,0,1,2,0,1,2,2,678,6.519147288,0,Autumn
96,2,0,0,1,2,0,1,2,2,718,6.576469569,0,Autumn
96,3,0,0,1,2,0,1,2,2,761,6.634633358,0,Autumn
96,4,0,0,1,2,0,1,2,2,742,6.609349243,0,Autumn
96,5,0,0,1,2,0,1,2,2,759,6.632001777,0,Autumn
96,6,0,0,1,2,0,1,2,2,675,6.514712691,0,Autumn
96,7,0,0,1,2,0,1,2,2,681,6.523562306,0,Autumn
97,1,0,0,1,2,0,1,2,2,590,6.380122537,0,Autumn
97,2,0,0,1,2,0,1,2,2,614,6.419994928,0,Autumn
97,3,0,0,1,2,0,1,2,2,612,6.416732283,0,Autumn
97,4,0,0,1,2,0,1,2,2,653,6.481577129,0,Autumn
97,5,0,0,1,2,0,1,2,2,669,6.50578406,0,Autumn
97,6,0,0,1,2,0,1,2,2,642,6.464588304,0,Autumn
97,7,0,0,1,2,0,1,2,2,678,6.519147288,0,Autumn
97,8,0,0,1,2,0,1,2,2,672,6.510258341,0,Autumn
97,9,0,0,1,2,0,1,2,3,691,6.538139824,0,Autumn
97,10,0,0,1,2,0,1,2,3,691,6.538139824,0,Autumn
97,11,0,0,1,2,0,1,2,3,668,6.504288174,0,Autumn
97,12,0,0,1,2,0,1,2,3,650,6.476972363,0,Autumn
97,13,0,0,1,2,0,1,2,3,665,6.499787041,0,Autumn
97,14,0,0,1,2,0,1,2,3,632,6.448889394,0,Autumn
97,15,0,0,1,2,0,1,2,2,631,6.447305863,0,Autumn
97,16,0,0,1,2,0,1,2,2,607,6.408528791,0,Autumn
97,17,0,0,1,2,0,1,2,2,573,6.350885717,0,Autumn
98,1,0,0,1,2,0,1,2,2,796,6.679599186,0,Autumn
98,2,0,0,1,2,0,1,2,2,820,6.70930434,0,Autumn
98,3,0,0,1,2,0,1,2,2,866,6.763884909,0,Autumn
98,4,0,0,1,2,0,1,2,2,836,6.728628613,0,Autumn
98,5,0,0,1,2,0,1,2,2,885,6.785587645,0,Autumn
98,6,0,0,1,2,0,1,2,2,921,6.825460036,0,Autumn
98,7,0,0,1,2,0,1,2,2,883,6.783325201,0,Autumn
98,8,0,0,1,2,0,1,2,2,850,6.745236349,0,Autumn
98,9,0,0,1,2,0,1,2,2,667,6.502790046,0,Autumn
99,1,0,0,1,2,0,1,2,1,618,6.426488457,0,Autumn
99,2,0,0,1,2,0,1,2,1,597,6.391917113,0,Autumn
99,3,0,0,1,2,0,1,2,1,596,6.390240667,0,Autumn
99,4,0,0,1,2,0,1,2,1,641,6.463029457,0,Autumn
99,5,0,0,1,2,0,1,2,1,702,6.553933404,0,Autumn
99,6,0,0,1,2,0,1,2,3,694,6.542471961,0,Autumn
99,7,0,0,1,2,0,1,2,3,668,6.504288174,0,Autumn
99,8,0,0,1,2,0,1,2,3,670,6.507277712,0,Autumn
99,9,0,0,1,2,0,1,2,3,708,6.562444094,0,Autumn
99,10,0,0,1,2,0,1,2,3,717,6.575075841,0,Autumn
99,11,0,0,1,2,0,1,2,3,720,6.579251212,0,Autumn
99,12,0,0,1,2,0,1,2,3,739,6.605297921,0,Autumn
99,13,0,0,1,2,0,1,2,3,756,6.628041376,0,Autumn
100,1,0,0,1,2,0,1,2,3,813,6.70073111,0,Autumn
100,2,0,0,1,2,0,1,2,3,811,6.698268054,0,Autumn
100,3,0,0,1,2,0,1,2,3,792,6.674561392,0,Autumn
100,4,0,0,1,2,0,1,2,3,772,6.64898455,0,Autumn
100,5,0,0,1,2,0,1,2,3,775,6.652863029,0,Autumn
100,6,0,0,1,2,0,1,2,3,777,6.65544035,0,Autumn
100,7,0,0,1,2,0,1,2,3,716,6.573680167,0,Autumn
100,8,0,0,1,2,0,1,2,3,691,6.538139824,0,Autumn
100,9,0,0,1,2,0,1,2,3,714,6.570882962,0,Autumn
100,10,0,0,1,2,0,1,2,3,747,6.616065185,0,Autumn
100,11,0,0,1,2,0,1,2,3,724,6.584791392,0,Autumn
100,12,0,0,1,2,0,1,2,3,732,6.595780514,0,Autumn
100,13,0,0,1,2,0,1,2,3,706,6.559615237,0,Autumn
101,1,0,0,1,2,0,1,2,3,653,6.481577129,0,Autumn
101,2,0,0,1,2,0,1,2,3,746,6.6147256,0,Autumn
101,3,0,0,1,2,0,1,2,3,860,6.756932389,0,Autumn
101,4,0,0,1,2,0,1,2,3,933,6.838405201,0,Autumn
101,5,0,0,1,2,0,1,2,3,966,6.873163834,0,Autumn
101,6,0,0,1,2,0,1,2,3,971,6.878326468,0,Autumn
101,7,0,0,1,2,0,1,2,3,996,6.903747258,0,Autumn
101,8,0,0,1,2,0,1,2,3,984,6.891625897,0,Autumn
101,9,0,0,1,2,0,1,2,3,961,6.867974409,0,Autumn
101,10,0,0,1,2,0,1,2,3,951,6.857514063,0,Autumn
101,11,0,0,1,2,0,1,2,3,527,6.267200549,0,Autumn
102,1,0,0,1,2,0,1,2,2,656,6.486160789,0,Winter
102,2,0,0,1,2,0,1,2,2,673,6.51174533,0,Winter
102,3,0,0,1,2,0,1,2,2,699,6.549650742,0,Winter
102,4,0,0,1,2,0,1,2,2,732,6.595780514,0,Winter
102,5,0,0,1,2,0,1,2,2,754,6.625392368,0,Winter
102,6,0,0,1,2,0,1,2,2,768,6.643789733,0,Winter
102,7,0,0,1,2,0,1,2,2,771,6.647688374,0,Winter
102,8,0,0,1,2,0,1,2,2,768,6.643789733,0,Winter
102,9,0,0,1,2,0,1,2,2,770,6.646390515,0,Winter
102,10,0,0,1,2,0,1,2,2,706,6.559615237,0,Winter
103,1,0,0,1,2,0,1,2,2,555,6.318968114,0,Winter
103,2,0,0,1,2,0,1,2,2,569,6.343880434,0,Winter
103,3,0,0,1,2,0,1,2,2,567,6.340359304,0,Winter
103,4,0,0,1,2,0,1,2,2,560,6.327936784,0,Winter
103,5,0,0,1,2,0,1,2,2,605,6.405228458,0,Winter
103,6,0,0,1,2,0,1,2,2,608,6.410174882,0,Winter
103,7,0,0,1,2,0,1,2,2,609,6.411818268,0,Winter
103,8,0,0,1,2,0,1,2,3,622,6.432940093,0,Winter
103,9,0,0,1,2,0,1,2,3,609,6.411818268,0,Winter
103,10,0,0,1,2,0,1,2,3,588,6.376726948,0,Winter
103,11,0,0,1,2,0,1,2,3,572,6.349138991,0,Winter
103,12,0,0,1,2,0,1,2,3,580,6.363028104,0,Winter
103,13,0,0,1,2,0,1,2,3,579,6.361302478,0,Winter
104,1,0,0,1,2,0,1,2,3,647,6.472346295,0,Winter
104,2,0,0,1,2,0,1,2,3,610,6.413458957,0,Winter
104,3,0,0,1,2,0,1,2,3,617,6.424869024,0,Winter
104,4,0,0,1,2,0,1,2,3,625,6.43775165,0,Winter
104,5,0,0,1,2,0,1,2,3,659,6.490723535,0,Winter
104,6,0,0,1,2,0,1,2,3,664,6.498282149,0,Winter
104,7,0,0,1,2,0,1,2,3,670,6.507277712,0,Winter
104,8,0,0,1,2,0,1,2,3,690,6.536691598,0,Winter
104,9,0,0,1,2,0,1,2,3,657,6.487684018,0,Winter
104,10,0,0,1,2,0,1,2,3,631,6.447305863,0,Winter
104,11,0,0,1,2,0,1,2,3,587,6.37502482,0,Winter
104,12,0,0,1,2,0,1,2,3,586,6.37331979,0,Winter
104,13,0,0,1,2,0,1,2,3,564,6.335054251,0,Winter
105,1,0,0,1,2,0,1,2,2,706,6.559615237,0,Winter
105,2,0,0,1,2,0,1,2,2,737,6.602587892,0,Winter
105,3,0,0,1,2,0,1,2,2,764,6.638567789,0,Winter
105,4,0,0,1,2,0,1,2,2,791,6.673297968,0,Winter
105,5,0,0,1,2,0,1,2,2,793,6.675823222,0,Winter
105,6,0,0,1,2,0,1,2,2,792,6.674561392,0,Winter
105,7,0,0,1,2,0,1,2,2,788,6.66949809,0,Winter
105,8,0,0,1,2,0,1,2,2,772,6.64898455,0,Winter
105,9,0,0,1,2,0,1,2,2,769,6.64509097,0,Winter
105,10,0,0,1,2,0,1,2,1,784,6.66440902,0,Winter
105,11,0,0,1,2,0,1,2,1,733,6.597145702,0,Winter
106,1,0,0,1,2,0,1,2,1,788,6.66949809,0,Winter
106,2,0,0,1,2,0,1,2,1,845,6.739336627,0,Winter
106,3,0,0,1,2,0,1,2,1,869,6.767343125,0,Winter
106,4,0,0,1,2,0,1,2,1,874,6.773080376,0,Winter
106,5,0,0,1,2,0,1,2,1,939,6.844815479,0,Winter
106,6,0,0,1,2,0,1,2,1,954,6.860663671,0,Winter
106,7,0,0,1,2,0,1,2,1,996,6.903747258,0,Winter
106,8,0,0,1,2,0,1,2,1,1007,6.914730893,1,Winter
106,9,0,0,1,2,0,1,2,1,1039,6.946013991,1,Winter
106,10,0,0,1,2,0,1,2,1,765,6.639875834,0,Winter
107,1,0,0,1,2,0,1,2,3,591,6.381816017,0,Winter
107,2,0,0,1,2,0,1,2,3,608,6.410174882,0,Winter
107,3,0,0,1,2,0,1,2,3,618,6.426488457,0,Winter
107,4,0,0,1,2,0,1,2,3,634,6.452048954,0,Winter
107,5,0,0,1,2,0,1,2,3,673,6.51174533,0,Winter
107,6,0,0,1,2,0,1,2,3,695,6.543911846,0,Winter
107,7,0,0,1,2,0,1,2,3,697,6.546785411,0,Winter
107,8,0,0,1,2,0,1,2,3,659,6.490723535,0,Winter
107,9,0,0,1,2,0,1,2,3,672,6.510258341,0,Winter
107,10,0,0,1,2,0,1,2,3,689,6.535241271,0,Winter
107,11,0,0,1,2,0,1,2,3,662,6.495265556,0,Winter
107,12,0,0,1,2,0,1,2,3,636,6.455198563,0,Winter
107,13,0,0,1,2,0,1,2,3,628,6.442540166,0,Winter
108,1,0,0,1,2,0,1,2,2,675,6.514712691,0,Winter
108,2,0,0,1,2,0,1,2,2,669,6.50578406,0,Winter
108,3,0,0,1,2,0,1,2,2,667,6.502790046,0,Winter
108,4,0,0,1,2,0,1,2,2,649,6.475432717,0,Winter
108,5,0,0,1,2,0,1,2,2,662,6.495265556,0,Winter
108,6,0,0,1,2,0,1,2,2,658,6.489204931,0,Winter
108,7,0,0,1,2,0,1,2,2,660,6.492239835,0,Winter
108,8,0,0,1,2,0,1,2,2,657,6.487684018,0,Winter
108,9,0,0,1,2,0,1,2,2,658,6.489204931,0,Winter
108,10,0,0,1,2,0,1,2,2,639,6.459904454,0,Winter
108,11,0,0,1,2,0,1,2,2,631,6.447305863,0,Winter
108,12,0,0,1,2,0,1,2,2,616,6.423246964,0,Winter
108,13,0,0,1,2,0,1,2,2,613,6.418364936,0,Winter
108,14,0,0,1,2,0,1,2,2,575,6.354370041,0,Winter
109,1,0,0,1,2,0,1,2,3,740,6.606650186,0,Winter
109,2,0,0,1,2,0,1,2,3,792,6.674561392,0,Winter
109,3,0,0,1,2,0,1,2,3,855,6.751101469,0,Winter
109,4,0,0,1,2,0,1,2,3,900,6.802394763,0,Winter
109,5,0,0,1,2,0,1,2,3,929,6.834108739,0,Winter
109,6,0,0,1,2,0,1,2,3,957,6.863803391,0,Winter
109,7,0,0,1,2,0,1,2,3,966,6.873163834,0,Winter
109,8,0,0,1,2,0,1,2,3,931,6.836259277,0,Winter
109,9,0,0,1,2,0,1,2,3,930,6.835184586,0,Winter
109,10,0,0,1,2,0,1,2,3,908,6.811244379,0,Winter
109,11,0,0,1,2,0,1,2,3,768,6.643789733,0,Winter
109,12,0,0,1,2,0,1,2,3,626,6.439350371,0,Winter
110,1,0,0,1,2,0,1,2,1,630,6.445719819,0,Autumn
110,2,0,0,1,2,0,1,2,1,677,6.517671273,0,Autumn
110,3,0,0,1,2,0,1,2,1,722,6.582025139,0,Autumn
110,4,0,0,1,2,0,1,2,1,748,6.617402978,0,Autumn
110,5,0,0,1,2,0,1,2,1,788,6.66949809,0,Autumn
110,6,0,0,1,2,0,1,2,1,794,6.677083461,0,Autumn
110,7,0,0,1,2,0,1,2,1,819,6.708084084,0,Autumn
110,8,0,0,1,2,0,1,2,1,846,6.74051936,0,Autumn
110,9,0,0,1,2,0,1,2,1,831,6.722629795,0,Autumn
110,10,0,0,1,2,0,1,2,1,727,6.588926478,0,Autumn
111,1,0,0,1,2,0,1,2,1,582,6.366470448,0,Autumn
111,2,0,0,1,2,0,1,2,1,644,6.467698726,0,Autumn
111,3,0,0,1,2,0,1,2,1,680,6.522092798,0,Autumn
111,4,0,0,1,2,0,1,2,1,678,6.519147288,0,Autumn
111,5,0,0,1,2,0,1,2,1,682,6.525029658,0,Autumn
111,6,0,0,1,2,0,1,2,1,700,6.551080335,0,Autumn
111,7,0,0,1,2,0,1,2,1,668,6.504288174,0,Autumn
111,8,0,0,1,2,0,1,2,1,671,6.508769137,0,Autumn
111,9,0,0,1,2,0,1,2,1,652,6.480044562,0,Autumn
111,10,0,0,1,2,0,1,2,1,678,6.519147288,0,Autumn
111,11,0,0,1,2,0,1,2,1,695,6.543911846,0,Autumn
111,12,0,0,1,2,0,1,2,1,686,6.530877628,0,Autumn
111,13,0,0,1,2,0,1,2,1,675,6.514712691,0,Autumn
111,14,0,0,1,2,0,1,2,1,647,6.472346295,0,Autumn
111,15,0,0,1,2,0,1,2,1,616,6.423246964,0,Autumn
112,1,0,0,1,2,0,1,2,3,743,6.610696045,0,Autumn
112,2,0,0,1,2,0,1,2,3,732,6.595780514,0,Autumn
112,3,0,0,1,2,0,1,2,3,782,6.661854741,0,Autumn
112,4,0,0,1,2,0,1,2,3,878,6.777646594,0,Autumn
112,5,0,0,1,2,0,1,2,3,904,6.80682936,0,Autumn
112,6,0,0,1,2,0,1,2,3,872,6.770789424,0,Autumn
112,7,0,0,1,2,0,1,2,3,796,6.679599186,0,Autumn
112,8,0,0,1,2,0,1,2,3,839,6.732210706,0,Autumn
112,9,0,0,1,2,0,1,2,3,845,6.739336627,0,Autumn
112,10,0,0,1,2,0,1,2,3,826,6.716594774,0,Autumn
112,11,0,0,1,2,0,1,2,3,828,6.719013154,0,Autumn
112,12,0,0,1,2,0,1,2,3,804,6.689599269,0,Autumn
112,13,0,0,1,2,0,1,2,3,798,6.682108597,0,Autumn
112,14,0,0,1,2,0,1,2,3,738,6.603943825,0,Autumn
113,1,0,0,1,2,0,1,2,2,600,6.396929655,0,Autumn
113,2,0,0,1,2,0,1,2,2,604,6.403574198,0,Autumn
113,3,0,0,1,2,0,1,2,2,591,6.381816017,0,Autumn
113,4,0,0,1,2,0,1,2,2,663,6.49677499,0,Autumn
113,5,0,0,1,2,0,1,2,2,780,6.65929392,0,Autumn
113,6,0,0,1,2,0,1,2,2,868,6.766191715,0,Autumn
113,7,0,0,1,2,0,1,2,2,943,6.849066283,0,Autumn
113,8,0,0,1,2,0,1,2,2,993,6.900730664,0,Autumn
113,9,0,0,1,2,0,1,2,2,1050,6.956545443,1,Autumn
113,10,0,0,1,2,0,1,2,2,1064,6.96979067,1,Autumn
113,11,0,0,1,2,0,1,2,2,1081,6.985641818,1,Autumn
113,12,0,0,1,2,0,1,2,2,1107,7.009408933,1,Autumn
113,13,0,0,1,2,0,1,2,2,1130,7.029972912,1,Autumn
113,14,0,0,1,2,0,1,2,2,1144,7.042286172,1,Autumn
113,15,0,0,1,2,0,1,2,2,1139,7.037905963,1,Autumn
113,16,0,0,1,2,0,1,2,2,1124,7.02464903,1,Autumn
113,17,0,0,1,2,0,1,2,2,1119,7.020190708,1,Autumn
113,18,0,0,1,2,0,1,2,2,1159,7.055312843,1,Autumn
113,19,0,0,1,2,0,1,2,2,1125,7.025538315,1,Autumn
113,20,0,0,1,2,0,1,2,2,1073,6.978213743,1,Autumn
113,21,0,0,1,2,0,1,2,2,1083,6.987490247,1,Autumn
114,1,0,0,1,2,0,1,2,1,717,6.575075841,0,Autumn
114,2,0,0,1,2,0,1,2,1,730,6.593044534,0,Autumn
114,3,0,0,1,2,0,1,2,1,712,6.568077911,0,Autumn
114,4,0,0,1,2,0,1,2,1,729,6.591673732,0,Autumn
114,5,0,0,1,2,0,1,2,1,763,6.637258031,0,Autumn
114,6,0,0,1,2,0,1,2,1,785,6.665683718,0,Autumn
114,7,0,0,1,2,0,1,2,1,763,6.637258031,0,Autumn
114,8,0,0,1,2,0,1,2,1,744,6.612041035,0,Autumn
114,9,0,0,1,2,0,1,2,2,747,6.616065185,0,Autumn
114,10,0,0,1,2,0,1,2,2,782,6.661854741,0,Autumn
114,11,0,0,1,2,0,1,2,2,803,6.688354714,0,Autumn
114,12,0,0,1,2,0,1,2,2,770,6.646390515,0,Autumn
114,13,0,0,1,2,0,1,2,2,757,6.629363253,0,Autumn
114,14,0,0,1,2,0,1,2,2,600,6.396929655,0,Autumn
114,15,0,0,1,2,0,1,2,2,584,6.369900983,0,Autumn
115,1,0,0,1,2,0,1,2,2,641,6.463029457,0,Autumn
115,2,0,0,1,2,0,1,2,2,641,6.463029457,0,Autumn
115,3,0,0,1,2,0,1,2,2,633,6.450470422,0,Autumn
115,4,0,0,1,2,0,1,2,2,657,6.487684018,0,Autumn
115,5,0,0,1,2,0,1,2,2,620,6.429719478,0,Autumn
115,6,0,0,1,2,0,1,2,2,651,6.478509642,0,Autumn
115,7,0,0,1,2,0,1,2,2,652,6.480044562,0,Autumn
115,8,0,0,1,2,0,1,2,2,656,6.486160789,0,Autumn
115,9,0,0,1,2,0,1,2,2,662,6.495265556,0,Autumn
115,10,0,0,1,2,0,1,2,2,649,6.475432717,0,Autumn
115,11,0,0,1,2,0,1,2,2,657,6.487684018,0,Autumn
116,1,0,0,1,2,10,1,2,2,681,6.523562306,0,Autumn
116,2,0,0,1,2,10,1,2,2,731,6.59441346,0,Autumn
116,3,0,0,1,2,10,1,2,2,733,6.597145702,0,Autumn
116,4,0,0,1,2,10,1,2,2,752,6.622736324,0,Autumn
116,5,0,0,1,2,10,1,2,2,754,6.625392368,0,Autumn
116,6,0,0,1,2,10,1,2,2,759,6.632001777,0,Autumn
116,7,0,0,1,2,10,1,2,2,773,6.650279049,0,Autumn
116,8,0,0,1,2,10,1,2,2,743,6.610696045,0,Autumn
116,9,0,0,1,2,10,1,2,2,745,6.613384218,0,Autumn
116,10,0,0,1,2,10,1,2,2,735,6.599870499,0,Autumn
116,11,0,0,1,2,10,1,2,2,712,6.568077911,0,Autumn
117,1,0,0,1,2,10,2,1,2,617,6.424869024,0,Autumn
117,2,0,0,1,2,10,2,1,2,629,6.444131257,0,Autumn
117,3,0,0,1,2,10,2,1,2,667,6.502790046,0,Autumn
117,4,0,0,1,2,10,2,1,2,671,6.508769137,0,Autumn
117,5,0,0,1,2,10,2,1,2,696,6.54534966,0,Autumn
117,6,0,0,1,2,10,2,1,2,719,6.577861358,0,Autumn
118,1,0,0,1,2,0,1,2,3,667,6.502790046,0,Autumn
118,2,0,0,1,2,0,1,2,3,709,6.563855527,0,Autumn
118,3,0,0,1,2,0,1,2,3,724,6.584791392,0,Autumn
118,4,0,0,1,2,0,1,2,3,719,6.577861358,0,Autumn
118,5,0,0,1,2,0,1,2,3,735,6.599870499,0,Autumn
118,6,0,0,1,2,0,1,2,3,811,6.698268054,0,Autumn
118,7,0,0,1,2,0,1,2,3,827,6.717804695,0,Autumn
118,8,0,0,1,2,0,1,2,3,786,6.666956792,0,Autumn
118,9,0,0,1,2,0,1,2,3,761,6.634633358,0,Autumn
118,10,0,0,1,2,0,1,2,3,756,6.628041376,0,Autumn
118,11,0,0,1,2,0,1,2,3,731,6.59441346,0,Autumn
118,12,0,0,1,2,0,1,2,3,781,6.66057515,0,Autumn
118,13,0,0,1,2,0,1,2,3,786,6.666956792,0,Autumn
118,14,0,0,1,2,0,1,2,3,791,6.673297968,0,Autumn
118,15,0,0,1,2,0,1,2,3,791,6.673297968,0,Autumn
118,16,0,0,1,2,0,1,2,3,807,6.693323668,0,Autumn
118,17,0,0,1,2,0,1,2,3,791,6.673297968,0,Autumn
118,18,0,0,1,2,0,1,2,3,821,6.710523109,0,Autumn
118,19,0,0,1,2,0,1,2,3,731,6.59441346,0,Autumn
118,20,0,0,1,2,0,1,2,3,755,6.626717749,0,Autumn
118,21,0,0,1,2,0,1,2,3,746,6.6147256,0,Autumn
118,22,0,0,1,2,0,1,2,3,744,6.612041035,0,Autumn
118,23,0,0,1,2,0,1,2,3,761,6.634633358,0,Autumn
118,24,0,0,1,2,0,1,2,3,618,6.426488457,0,Autumn
118,25,0,0,1,2,0,1,2,3,601,6.398594935,0,Autumn
119,1,0,0,1,2,0,2,1,3,990,6.897704943,0,Autumn
119,2,0,0,1,2,0,2,1,3,925,6.829793738,0,Autumn
119,3,0,0,1,2,0,2,1,3,788,6.66949809,0,Autumn
119,4,0,0,1,2,0,2,1,3,840,6.733401892,0,Autumn
119,5,0,0,1,2,0,2,1,3,811,6.698268054,0,Autumn
119,6,0,0,1,2,0,2,1,3,723,6.583409222,0,Autumn
119,7,0,0,1,2,0,2,1,3,779,6.658011046,0,Autumn
119,8,0,0,1,2,0,2,1,3,871,6.769641977,0,Autumn
119,9,0,0,1,2,0,2,1,3,761,6.634633358,0,Autumn
119,10,0,0,1,2,0,2,1,3,723,6.583409222,0,Autumn
119,11,0,0,1,2,0,2,1,3,719,6.577861358,0,Autumn
119,12,0,0,1,2,0,2,1,3,729,6.591673732,0,Autumn
119,13,0,0,1,2,0,2,1,3,771,6.647688374,0,Autumn
120,1,0,0,1,2,10,1,1,2,877,6.776506992,0,Autumn
120,2,0,0,1,2,10,1,1,2,932,6.837332815,0,Autumn
120,3,0,0,1,2,10,1,1,2,992,6.899723107,0,Autumn
120,4,0,0,1,2,10,1,1,2,1024,6.931471806,1,Autumn
120,5,0,0,1,2,10,1,1,2,1034,6.941190055,1,Autumn
120,6,0,0,1,2,10,1,1,2,1047,6.953684211,1,Autumn
120,7,0,0,1,2,10,1,1,2,1088,6.992096427,1,Autumn
120,8,0,0,1,2,10,1,1,2,1101,7.003974137,1,Autumn
120,9,0,0,1,2,10,1,1,2,1128,7.028201432,1,Autumn
120,10,0,0,1,2,10,1,1,2,1166,7.061334367,1,Autumn
120,11,0,0,1,2,10,1,1,2,1183,7.075808864,1,Autumn
120,12,0,0,1,2,10,1,1,2,1199,7.089243155,1,Autumn
120,13,0,0,1,2,10,1,1,2,1209,7.097548851,1,Autumn
120,14,0,0,1,2,10,1,1,2,1184,7.076653815,1,Autumn
120,15,0,0,1,2,10,1,1,2,1191,7.082548569,1,Autumn
120,16,0,0,1,2,10,1,1,2,611,6.415096959,0,Autumn
120,17,0,0,1,2,10,1,1,2,514,6.242223265,0,Autumn
121,1,0,0,1,2,0,1,2,2,585,6.371611847,0,Autumn
121,2,0,0,1,2,0,1,2,2,644,6.467698726,0,Autumn
121,3,0,0,1,2,0,1,2,2,667,6.502790046,0,Autumn
121,4,0,0,1,2,0,1,2,2,667,6.502790046,0,Autumn
121,5,0,0,1,2,0,1,2,2,673,6.51174533,0,Autumn
121,6,0,0,1,2,0,1,2,2,673,6.51174533,0,Autumn
121,7,0,0,1,2,0,1,2,2,676,6.516193076,0,Autumn
121,8,0,0,1,2,0,1,2,2,679,6.520621128,0,Autumn
121,9,0,0,1,2,0,1,2,2,673,6.51174533,0,Autumn
121,10,0,0,1,2,0,1,2,2,671,6.508769137,0,Autumn
122,1,0,0,1,2,0,1,2,3,794,6.677083461,0,Autumn
122,2,0,0,1,2,0,1,2,3,786,6.666956792,0,Autumn
122,3,0,0,1,2,0,1,2,3,846,6.74051936,0,Autumn
123,1,0,0,1,2,0,1,2,3,642,6.464588304,0,Autumn
123,2,0,0,1,2,0,1,2,3,695,6.543911846,0,Autumn
123,3,0,0,1,2,0,1,2,3,732,6.595780514,0,Autumn
123,4,0,0,1,2,0,1,2,3,769,6.64509097,0,Autumn
123,5,0,0,1,2,0,1,2,3,771,6.647688374,0,Autumn
123,6,0,0,1,2,0,1,2,3,683,6.52649486,0,Autumn
123,7,0,0,1,2,0,1,2,3,699,6.549650742,0,Autumn
123,8,0,0,1,2,0,1,2,3,709,6.563855527,0,Autumn
124,1,0,0,1,2,0,1,2,2,648,6.473890696,0,Autumn
124,2,0,0,1,2,0,1,2,2,670,6.507277712,0,Autumn
124,3,0,0,1,2,0,1,2,2,706,6.559615237,0,Autumn
124,4,0,0,1,2,0,1,2,2,754,6.625392368,0,Autumn
124,5,0,0,1,2,0,1,2,2,743,6.610696045,0,Autumn
124,6,0,0,1,2,0,1,2,2,700,6.551080335,0,Autumn
124,7,0,0,1,2,0,1,2,2,703,6.555356892,0,Autumn
125,1,0,0,1,2,0,1,2,2,1013,6.920671504,1,Autumn
125,2,0,0,1,2,0,1,2,2,1107,7.009408933,1,Autumn
125,3,0,0,1,2,0,1,2,2,1122,7.022868086,1,Autumn
125,4,0,0,1,2,0,1,2,2,1159,7.055312843,1,Autumn
125,5,0,0,1,2,0,1,2,2,1160,7.056175284,1,Autumn
125,6,0,0,1,2,0,1,2,2,1180,7.073269717,1,Autumn
125,7,0,0,1,2,0,1,2,2,1160,7.056175284,1,Autumn
125,8,0,0,1,2,0,1,2,2,1182,7.074963198,1,Autumn
125,9,0,0,1,2,0,1,2,2,1190,7.081708586,1,Autumn
125,10,0,0,1,2,0,1,2,2,1191,7.082548569,1,Autumn
125,11,0,0,1,2,0,1,2,2,1185,7.077498054,1,Autumn
125,12,0,0,1,2,0,1,2,2,1200,7.090076836,1,Autumn
125,13,0,0,1,2,0,1,2,2,1202,7.091742115,1,Autumn
125,14,0,0,1,2,0,1,2,2,1198,7.088408779,1,Autumn
125,15,0,0,1,2,0,1,2,2,1219,7.105786129,1,Autumn
125,16,0,0,1,2,0,1,2,2,640,6.461468176,0,Autumn
126,1,0,0,1,2,0,1,2,1,580,6.363028104,0,Autumn
126,2,0,0,1,2,0,1,2,1,581,6.364750757,0,Autumn
126,3,0,0,1,2,0,1,2,1,584,6.369900983,0,Autumn
126,4,0,0,1,2,0,1,2,1,565,6.336825731,0,Autumn
126,5,0,0,1,2,0,1,2,1,560,6.327936784,0,Autumn
126,6,0,0,1,2,0,1,2,1,597,6.391917113,0,Autumn
126,7,0,0,1,2,0,1,2,1,589,6.378426184,0,Autumn
126,8,0,0,1,2,0,1,2,1,576,6.356107661,0,Autumn
126,9,0,0,1,2,0,1,2,1,593,6.385194399,0,Autumn
126,10,0,0,1,2,0,1,2,1,614,6.419994928,0,Autumn
126,11,0,0,1,2,0,1,2,2,660,6.492239835,0,Autumn
126,12,0,0,1,2,0,1,2,2,629,6.444131257,0,Autumn
126,13,0,0,1,2,0,1,2,2,637,6.456769656,0,Autumn
126,14,0,0,1,2,0,1,2,2,595,6.388561406,0,Autumn
127,1,0,0,1,2,0,1,2,2,648,6.473890696,0,Autumn
127,2,0,0,1,2,0,1,2,2,637,6.456769656,0,Autumn
127,3,0,0,1,2,0,1,2,2,633,6.450470422,0,Autumn
127,4,0,0,1,2,0,1,2,2,626,6.439350371,0,Autumn
127,5,0,0,1,2,0,1,2,2,603,6.401917197,0,Autumn
127,6,0,0,1,2,0,1,2,2,600,6.396929655,0,Autumn
127,7,0,0,1,2,0,1,2,2,624,6.436150368,0,Autumn
127,8,0,0,1,2,0,1,2,2,634,6.452048954,0,Autumn
127,9,0,0,1,2,0,1,2,2,650,6.476972363,0,Autumn
127,10,0,0,1,2,0,1,2,2,629,6.444131257,0,Autumn
127,11,0,0,1,2,0,1,2,2,584,6.369900983,0,Autumn
127,12,0,0,1,2,0,1,2,2,571,6.34738921,0,Autumn
127,13,0,0,1,2,0,1,2,2,591,6.381816017,0,Autumn
127,14,0,0,1,2,0,1,2,2,591,6.381816017,0,Autumn
127,15,0,0,1,2,0,1,2,2,546,6.302618976,0,Autumn
128,1,0,0,1,2,0,2,2,2,580,6.363028104,0,Autumn
128,2,0,0,1,2,0,2,2,2,622,6.432940093,0,Autumn
128,3,0,0,1,2,0,2,2,2,673,6.51174533,0,Autumn
128,4,0,0,1,2,0,2,2,2,643,6.466144724,0,Autumn
128,5,0,0,1,2,0,2,2,2,661,6.49375384,0,Autumn
128,6,0,0,1,2,0,2,2,2,702,6.553933404,0,Autumn
128,7,0,0,1,2,0,2,2,2,667,6.502790046,0,Autumn
128,8,0,0,1,2,0,2,2,2,593,6.385194399,0,Autumn
128,9,0,0,1,2,0,2,2,2,609,6.411818268,0,Autumn
128,10,0,0,1,2,0,2,2,2,642,6.464588304,0,Autumn
128,11,0,0,1,2,0,2,2,2,647,6.472346295,0,Autumn
128,12,0,0,1,2,0,2,2,2,615,6.421622268,0,Autumn
128,13,0,0,1,2,0,2,2,2,646,6.470799504,0,Autumn
128,14,0,0,1,2,0,2,2,2,595,6.388561406,0,Autumn
128,15,0,0,1,2,0,2,2,2,613,6.418364936,0,Autumn
128,16,0,0,1,2,0,2,2,2,603,6.401917197,0,Autumn
128,17,0,0,1,2,0,2,2,2,629,6.444131257,0,Autumn
128,18,0,0,1,2,0,2,2,2,639,6.459904454,0,Autumn
128,19,0,0,1,2,0,2,2,2,570,6.345636361,0,Autumn
128,20,0,0,1,2,0,2,2,2,530,6.272877007,0,Autumn
129,1,0,0,1,2,0,1,2,1,656,6.486160789,0,Autumn
129,2,0,0,1,2,0,1,2,1,688,6.533788838,0,Autumn
129,3,0,0,1,2,0,1,2,1,725,6.586171655,0,Autumn
129,4,0,0,1,2,0,1,2,1,732,6.595780514,0,Autumn
129,5,0,0,1,2,0,1,2,1,776,6.65415252,0,Autumn
129,6,0,0,1,2,0,1,2,1,800,6.684611728,0,Autumn
129,7,0,0,1,2,0,1,2,1,834,6.726233402,0,Autumn
129,8,0,0,1,2,0,1,2,1,866,6.763884909,0,Autumn
129,9,0,0,1,2,0,1,2,1,877,6.776506992,0,Autumn
129,10,0,0,1,2,0,1,2,1,893,6.794586581,0,Autumn
129,11,0,0,1,2,0,1,2,1,891,6.792344427,0,Autumn
129,12,0,0,1,2,0,1,2,1,904,6.80682936,0,Autumn
129,13,0,0,1,2,0,1,2,1,913,6.816735881,0,Autumn
129,14,0,0,1,2,0,1,2,1,891,6.792344427,0,Autumn
129,15,0,0,1,2,0,1,2,1,849,6.744059186,0,Autumn
130,1,0,0,1,2,0,1,2,2,588,6.376726948,0,Autumn
130,2,0,0,1,2,0,1,2,2,618,6.426488457,0,Autumn
130,3,0,0,1,2,0,1,2,2,614,6.419994928,0,Autumn
130,4,0,0,1,2,0,1,2,2,646,6.470799504,0,Autumn
130,5,0,0,1,2,0,1,2,2,644,6.467698726,0,Autumn
130,6,0,0,1,2,0,1,2,2,687,6.532334292,0,Autumn
130,7,0,0,1,2,0,1,2,2,668,6.504288174,0,Autumn
130,8,0,0,1,2,0,1,2,2,670,6.507277712,0,Autumn
130,9,0,0,1,2,0,1,2,2,662,6.495265556,0,Autumn
130,10,0,0,1,2,0,1,2,3,685,6.529418838,0,Autumn
130,11,0,0,1,2,0,1,2,3,693,6.541029999,0,Autumn
130,12,0,0,1,2,0,1,2,3,688,6.533788838,0,Autumn
130,13,0,0,1,2,0,1,2,3,624,6.436150368,0,Autumn
131,1,0,0,1,2,0,1,2,2,667,6.502790046,0,Autumn
131,2,0,0,1,2,0,1,2,2,639,6.459904454,0,Autumn
131,3,0,0,1,2,0,1,2,2,643,6.466144724,0,Autumn
131,4,0,0,1,2,0,1,2,2,636,6.455198563,0,Autumn
131,5,0,0,1,2,0,1,2,2,645,6.469250317,0,Autumn
131,6,0,0,1,2,0,1,2,2,667,6.502790046,0,Autumn
131,7,0,0,1,2,0,1,2,2,673,6.51174533,0,Autumn
131,8,0,0,1,2,0,1,2,2,732,6.595780514,0,Autumn
131,9,0,0,1,2,0,1,2,2,709,6.563855527,0,Autumn
131,10,0,0,1,2,0,1,2,2,686,6.530877628,0,Autumn
131,11,0,0,1,2,0,1,2,2,673,6.51174533,0,Autumn
131,12,0,0,1,2,0,1,2,2,631,6.447305863,0,Autumn
131,13,0,0,1,2,0,1,2,2,614,6.419994928,0,Autumn
131,14,0,0,1,2,0,1,2,2,626,6.439350371,0,Autumn
132,1,0,0,1,2,0,1,1,1,562,6.33150185,0,Autumn
132,2,0,0,1,2,0,1,1,1,588,6.376726948,0,Autumn
132,3,0,0,1,2,0,1,1,1,701,6.552507887,0,Autumn
132,4,0,0,1,2,0,1,1,1,727,6.588926478,0,Autumn
132,5,0,0,1,2,0,1,1,1,777,6.65544035,0,Autumn
132,6,0,0,1,2,0,1,1,1,781,6.66057515,0,Autumn
132,7,0,0,1,2,0,1,1,1,793,6.675823222,0,Autumn
132,8,0,0,1,2,0,1,1,1,802,6.687108608,0,Autumn
132,9,0,0,1,2,0,1,1,1,814,6.701960366,0,Autumn
132,10,0,0,1,2,0,1,1,1,804,6.689599269,0,Autumn
132,11,0,0,1,2,0,1,1,1,832,6.723832441,0,Autumn
132,12,0,0,1,2,0,1,1,1,796,6.679599186,0,Autumn
132,13,0,0,1,2,0,1,1,1,809,6.695798917,0,Autumn
132,14,0,0,1,2,0,1,1,1,780,6.65929392,0,Autumn
132,15,0,0,1,2,0,1,1,1,787,6.668228248,0,Autumn
132,16,0,0,1,2,0,1,1,1,799,6.683360946,0,Autumn
132,17,0,0,1,2,0,1,1,1,747,6.616065185,0,Autumn
133,1,0,0,1,2,0,1,2,2,1181,7.074116816,1,Autumn
133,2,0,0,1,2,0,1,2,2,1285,7.158513997,1,Autumn
133,3,0,0,1,2,0,1,2,2,1379,7.229113878,1,Autumn
133,4,0,0,1,2,0,1,2,2,1421,7.259116128,1,Autumn
133,5,0,0,1,2,0,1,2,2,1443,7.274479559,1,Autumn
133,6,0,0,1,2,0,1,2,2,1481,7.300472814,1,Autumn
133,7,0,0,1,2,0,1,2,2,1475,7.296413269,1,Autumn
133,8,0,0,1,2,0,1,2,2,1474,7.295735073,1,Autumn
133,9,0,0,1,2,0,1,2,2,1478,7.298445102,1,Autumn
133,10,0,0,1,2,0,1,2,2,1462,7.28756064,1,Autumn
133,11,0,0,1,2,0,1,2,2,1412,7.252762418,1,Autumn
133,12,0,0,1,2,0,1,2,2,917,6.821107472,0,Autumn
133,13,0,0,1,2,0,1,2,2,649,6.475432717,0,Autumn
134,1,0,0,1,2,0,1,2,2,652,6.480044562,0,Autumn
134,2,0,0,1,2,0,1,2,2,669,6.50578406,0,Autumn
134,3,0,0,1,2,0,1,2,2,664,6.498282149,0,Autumn
134,4,0,0,1,2,0,1,2,2,672,6.510258341,0,Autumn
134,5,0,0,1,2,0,1,2,2,668,6.504288174,0,Autumn
134,6,0,0,1,2,0,1,2,2,688,6.533788838,0,Autumn
134,7,0,0,1,2,0,1,2,2,683,6.52649486,0,Autumn
134,8,0,0,1,2,0,1,2,2,683,6.52649486,0,Autumn
134,9,0,0,1,2,0,1,2,2,682,6.525029658,0,Autumn
134,10,0,0,1,2,0,1,2,2,693,6.541029999,0,Autumn
134,11,0,0,1,2,0,1,2,2,700,6.551080335,0,Autumn
134,12,0,0,1,2,0,1,2,2,706,6.559615237,0,Autumn
134,13,0,0,1,2,0,1,2,2,671,6.508769137,0,Autumn
134,14,0,0,1,2,0,1,2,2,637,6.456769656,0,Autumn
135,1,0,0,1,2,0,1,2,2,564,6.335054251,0,Autumn
135,2,0,0,1,2,0,1,2,2,607,6.408528791,0,Autumn
135,3,0,0,1,2,0,1,2,2,608,6.410174882,0,Autumn
135,4,0,0,1,2,0,1,2,2,638,6.458338283,0,Autumn
135,5,0,0,1,2,0,1,2,2,640,6.461468176,0,Autumn
135,6,0,0,1,2,0,1,2,2,648,6.473890696,0,Autumn
135,7,0,0,1,2,0,1,2,2,648,6.473890696,0,Autumn
135,8,0,0,1,2,0,1,2,2,656,6.486160789,0,Autumn
135,9,0,0,1,2,0,1,2,2,647,6.472346295,0,Autumn
135,10,0,0,1,2,0,1,2,2,644,6.467698726,0,Autumn
135,11,0,0,1,2,0,1,2,2,655,6.484635236,0,Autumn
135,12,0,0,1,2,0,1,2,2,636,6.455198563,0,Autumn
135,13,0,0,1,2,0,1,2,2,617,6.424869024,0,Autumn
135,14,0,0,1,2,0,1,2,2,620,6.429719478,0,Autumn
135,15,0,0,1,2,0,1,2,2,608,6.410174882,0,Autumn
135,16,0,0,1,2,0,1,2,2,528,6.269096284,0,Autumn
136,1,0,0,1,2,0,2,1,3,551,6.311734809,0,Autumn
136,2,0,0,1,2,0,2,1,3,574,6.352629396,0,Autumn
136,3,0,0,1,2,0,2,1,3,644,6.467698726,0,Autumn
136,4,0,0,1,2,0,2,1,3,667,6.502790046,0,Autumn
136,5,0,0,1,2,0,2,1,3,687,6.532334292,0,Autumn
136,6,0,0,1,2,0,2,1,3,706,6.559615237,0,Autumn
136,7,0,0,1,2,0,2,1,3,742,6.609349243,0,Autumn
136,8,0,0,1,2,0,2,1,3,729,6.591673732,0,Autumn
136,9,0,0,1,2,0,2,1,3,701,6.552507887,0,Autumn
136,10,0,0,1,2,0,2,1,3,698,6.548219103,0,Autumn
136,11,0,0,1,2,0,2,1,3,680,6.522092798,0,Autumn
136,12,0,0,1,2,0,2,1,3,691,6.538139824,0,Autumn
136,13,0,0,1,2,0,2,1,3,679,6.520621128,0,Autumn
136,14,0,0,1,2,0,2,1,3,669,6.50578406,0,Autumn
136,15,0,0,1,2,0,2,1,3,686,6.530877628,0,Autumn
136,16,0,0,1,2,0,2,1,3,712,6.568077911,0,Autumn
136,17,0,0,1,2,0,2,1,3,728,6.590301048,0,Autumn
136,18,0,0,1,2,0,2,1,3,733,6.597145702,0,Autumn
136,19,0,0,1,2,0,2,1,3,603,6.401917197,0,Autumn
136,20,0,0,1,2,0,2,1,3,518,6.249975242,0,Autumn
137,1,0,0,1,2,0,1,2,1,514,6.242223265,0,Summer
137,2,0,0,1,2,0,1,2,1,727,6.588926478,0,Summer
137,3,0,0,1,2,0,1,2,1,792,6.674561392,0,Summer
137,4,0,0,1,2,0,1,2,1,858,6.754604099,0,Summer
137,5,0,0,1,2,0,1,2,1,923,6.827629235,0,Summer
137,6,0,0,1,2,0,1,2,1,952,6.858565035,0,Summer
137,7,0,0,1,2,0,1,2,1,991,6.898714534,0,Summer
137,8,0,0,1,2,0,1,2,1,1011,6.918695219,1,Summer
137,9,0,0,1,2,0,1,2,1,1007,6.914730893,1,Summer
137,10,0,0,1,2,0,1,2,1,1040,6.946975992,1,Summer
137,11,0,0,1,2,0,1,2,1,1018,6.925595197,1,Summer
137,12,0,0,1,2,0,1,2,1,1043,6.949856455,1,Summer
137,13,0,0,1,2,0,1,2,1,1057,6.963189986,1,Summer
137,14,0,0,1,2,0,1,2,1,1061,6.966967139,1,Summer
137,15,0,0,1,2,0,1,2,1,1013,6.920671504,1,Summer
137,16,0,0,1,2,0,1,2,1,540,6.29156914,0,Summer
138,1,0,0,1,2,0,1,2,2,550,6.309918278,0,Summer
138,2,0,0,1,2,0,1,2,2,547,6.304448802,0,Summer
138,3,0,0,1,2,0,1,2,2,554,6.317164687,0,Summer
138,4,0,0,1,2,0,1,2,2,564,6.335054251,0,Summer
138,5,0,0,1,2,0,1,2,2,578,6.359573869,0,Summer
138,6,0,0,1,2,0,1,2,2,553,6.315358002,0,Summer
138,7,0,0,1,2,0,1,2,2,572,6.349138991,0,Summer
138,8,0,0,1,2,0,1,2,2,571,6.34738921,0,Summer
138,9,0,0,1,2,0,1,2,2,595,6.388561406,0,Summer
138,10,0,0,1,2,0,1,2,2,582,6.366470448,0,Summer
138,11,0,0,1,2,0,1,2,2,614,6.419994928,0,Summer
138,12,0,0,1,2,0,1,2,2,650,6.476972363,0,Summer
138,13,0,0,1,2,0,1,2,2,600,6.396929655,0,Summer
138,14,0,0,1,2,0,1,2,2,603,6.401917197,0,Summer
138,15,0,0,1,2,0,1,2,2,611,6.415096959,0,Summer
139,1,0,0,1,2,0,1,2,2,704,6.556778356,0,Summer
139,2,0,0,1,2,0,1,2,2,726,6.587550015,0,Summer
139,3,0,0,1,2,0,1,2,2,699,6.549650742,0,Summer
139,4,0,0,1,2,0,1,2,2,694,6.542471961,0,Summer
139,5,0,0,1,2,0,1,2,2,682,6.525029658,0,Summer
139,6,0,0,1,2,0,1,2,2,647,6.472346295,0,Summer
139,7,0,0,1,2,0,1,2,2,674,6.513230111,0,Summer
139,8,0,0,1,2,0,1,2,2,656,6.486160789,0,Summer
139,9,0,0,1,2,0,1,2,2,672,6.510258341,0,Summer
139,10,0,0,1,2,0,1,2,2,678,6.519147288,0,Summer
139,11,0,0,1,2,0,1,2,2,643,6.466144724,0,Summer
139,12,0,0,1,2,0,1,2,2,635,6.453624999,0,Summer
139,13,0,0,1,2,0,1,2,2,574,6.352629396,0,Summer
139,14,0,0,1,2,0,1,2,2,575,6.354370041,0,Summer
140,1,0,0,1,2,0,2,1,2,563,6.333279628,0,Summer
140,2,0,0,1,2,0,2,1,2,606,6.406879986,0,Summer
140,3,0,0,1,2,0,2,1,2,630,6.445719819,0,Summer
140,4,0,0,1,2,0,2,1,2,618,6.426488457,0,Summer
140,5,0,0,1,2,0,2,1,2,600,6.396929655,0,Summer
140,6,0,0,1,2,0,2,1,2,605,6.405228458,0,Summer
140,7,0,0,1,2,0,2,1,2,616,6.423246964,0,Summer
140,8,0,0,1,2,0,2,1,2,610,6.413458957,0,Summer
140,9,0,0,1,2,0,2,1,2,619,6.428105273,0,Summer
140,10,0,0,1,2,0,2,1,2,645,6.469250317,0,Summer
140,11,0,0,1,2,0,2,1,2,611,6.415096959,0,Summer
140,12,0,0,1,2,0,2,1,2,620,6.429719478,0,Summer
140,13,0,0,1,2,0,2,1,2,593,6.385194399,0,Summer
140,14,0,0,1,2,0,2,1,2,603,6.401917197,0,Summer
140,15,0,0,1,2,0,2,1,2,617,6.424869024,0,Summer
140,16,0,0,1,2,0,2,1,2,627,6.440946541,0,Summer
140,17,0,0,1,2,0,2,1,2,635,6.453624999,0,Summer
140,18,0,0,1,2,0,2,1,2,625,6.43775165,0,Summer
141,1,0,0,1,2,0,1,2,2,643,6.466144724,0,Winter
141,2,0,0,1,2,0,1,2,2,873,6.771935556,0,Winter
141,3,0,0,1,2,0,1,2,2,1052,6.958448393,1,Winter
141,4,0,0,1,2,0,1,2,2,1078,6.982862751,1,Winter
141,5,0,0,1,2,0,1,2,2,1106,7.008505182,1,Winter
141,6,0,0,1,2,0,1,2,2,1163,7.058758153,1,Winter
141,7,0,0,1,2,0,1,2,2,1213,7.100851909,1,Winter
141,8,0,0,1,2,0,1,2,2,1247,7.128495946,1,Winter
141,9,0,0,1,2,0,1,2,2,1234,7.118016204,1,Winter
141,10,0,0,1,2,0,1,2,2,1229,7.11395611,1,Winter
141,11,0,0,1,2,0,1,2,2,1280,7.154615357,1,Winter
142,1,0,0,1,2,0,1,2,2,596,6.390240667,0,Winter
142,2,0,0,1,2,0,1,2,2,668,6.504288174,0,Winter
142,3,0,0,1,2,0,1,2,2,689,6.535241271,0,Winter
142,4,0,0,1,2,0,1,2,2,696,6.54534966,0,Winter
142,5,0,0,1,2,0,1,2,2,691,6.538139824,0,Winter
142,6,0,0,1,2,0,1,2,2,686,6.530877628,0,Winter
142,7,0,0,1,2,0,1,2,2,652,6.480044562,0,Winter
142,8,0,0,1,2,0,1,2,2,675,6.514712691,0,Winter
142,9,0,0,1,2,0,1,2,2,673,6.51174533,0,Winter
142,10,0,0,1,2,0,1,2,3,744,6.612041035,0,Winter
142,11,0,0,1,2,0,1,2,3,758,6.630683386,0,Winter
142,12,0,0,1,2,0,1,2,3,739,6.605297921,0,Winter
143,1,0,0,1,2,0,1,2,3,734,6.598509029,0,Winter
143,2,0,0,1,2,0,1,2,3,740,6.606650186,0,Winter
143,3,0,0,1,2,0,1,2,3,718,6.576469569,0,Winter
143,4,0,0,1,2,0,1,2,3,766,6.64118217,0,Winter
143,5,0,0,1,2,0,1,2,3,795,6.678342115,0,Winter
143,6,0,0,1,2,0,1,2,3,782,6.661854741,0,Winter
143,7,0,0,1,2,0,1,2,3,739,6.605297921,0,Winter
143,8,0,0,1,2,0,1,2,3,731,6.59441346,0,Winter
143,9,0,0,1,2,0,1,2,3,732,6.595780514,0,Winter
143,10,0,0,1,2,0,1,2,3,744,6.612041035,0,Winter
143,11,0,0,1,2,0,1,2,3,741,6.608000625,0,Winter
143,12,0,0,1,2,0,1,2,3,749,6.618738984,0,Winter
143,13,0,0,1,2,0,1,2,3,749,6.618738984,0,Winter
143,14,0,0,1,2,0,1,2,3,739,6.605297921,0,Winter
144,1,0,0,1,2,0,1,2,1,609,6.411818268,0,Winter
144,2,0,0,1,2,0,1,2,1,634,6.452048954,0,Winter
144,3,0,0,1,2,0,1,2,1,672,6.510258341,0,Winter
144,4,0,0,1,2,0,1,2,1,701,6.552507887,0,Winter
144,5,0,0,1,2,0,1,2,1,721,6.580639137,0,Winter
144,6,0,0,1,2,0,1,2,1,733,6.597145702,0,Winter
144,7,0,0,1,2,0,1,2,1,754,6.625392368,0,Winter
144,8,0,0,1,2,0,1,2,1,760,6.633318433,0,Winter
144,9,0,0,1,2,0,1,2,1,779,6.658011046,0,Winter
144,10,0,0,1,2,0,1,2,1,783,6.663132696,0,Winter
144,11,0,0,1,2,0,1,2,1,791,6.673297968,0,Winter
144,12,0,0,1,2,0,1,2,1,811,6.698268054,0,Winter
145,1,0,0,1,2,0,1,2,1,733,6.597145702,0,Winter
145,2,0,0,1,2,0,1,2,1,766,6.64118217,0,Winter
145,3,0,0,1,2,0,1,2,1,808,6.694562059,0,Winter
145,4,0,0,1,2,0,1,2,1,807,6.693323668,0,Winter
145,5,0,0,1,2,0,1,2,1,828,6.719013154,0,Winter
145,6,0,0,1,2,0,1,2,1,867,6.765038977,0,Winter
145,7,0,0,1,2,0,1,2,1,894,6.795705775,0,Winter
145,8,0,0,1,2,0,1,2,1,906,6.809039306,0,Winter
145,9,0,0,1,2,0,1,2,1,904,6.80682936,0,Winter
145,10,0,0,1,2,0,1,2,1,909,6.812345094,0,Winter
145,11,0,0,1,2,0,1,2,1,661,6.49375384,0,Winter
146,1,0,0,1,2,0,1,2,2,586,6.37331979,0,Winter
146,2,0,0,1,2,0,1,2,2,646,6.470799504,0,Winter
146,3,0,0,1,2,0,1,2,2,645,6.469250317,0,Winter
146,4,0,0,1,2,0,1,2,2,631,6.447305863,0,Winter
146,5,0,0,1,2,0,1,2,2,621,6.431331082,0,Winter
146,6,0,0,1,2,0,1,2,2,639,6.459904454,0,Winter
146,7,0,0,1,2,0,1,2,2,607,6.408528791,0,Winter
146,8,0,0,1,2,0,1,2,2,650,6.476972363,0,Winter
146,9,0,0,1,2,0,1,2,2,663,6.49677499,0,Winter
146,10,0,0,1,2,0,1,2,2,655,6.484635236,0,Winter
146,11,0,0,1,2,0,1,2,3,694,6.542471961,0,Winter
146,12,0,0,1,2,0,1,2,3,709,6.563855527,0,Winter
146,13,0,0,1,2,0,1,2,3,681,6.523562306,0,Winter
147,1,0,0,1,2,0,1,2,3,634,6.452048954,0,Winter
147,2,0,0,1,2,0,1,2,3,660,6.492239835,0,Winter
147,3,0,0,1,2,0,1,2,3,722,6.582025139,0,Winter
147,4,0,0,1,2,0,1,2,3,723,6.583409222,0,Winter
147,5,0,0,1,2,0,1,2,3,691,6.538139824,0,Winter
147,6,0,0,1,2,0,1,2,3,678,6.519147288,0,Winter
147,7,0,0,1,2,0,1,2,3,671,6.508769137,0,Winter
147,8,0,0,1,2,0,1,2,2,692,6.539585956,0,Winter
147,9,0,0,1,2,0,1,2,2,696,6.54534966,0,Winter
147,10,0,0,1,2,0,1,2,2,698,6.548219103,0,Winter
147,11,0,0,1,2,0,1,2,2,688,6.533788838,0,Winter
147,12,0,0,1,2,0,1,2,2,704,6.556778356,0,Winter
147,13,0,0,1,2,0,1,2,2,718,6.576469569,0,Winter
148,1,0,0,1,2,0,1,2,2,570,6.345636361,0,Winter
148,2,0,0,1,2,0,1,2,2,609,6.411818268,0,Winter
148,3,0,0,1,2,0,1,2,2,722,6.582025139,0,Winter
148,4,0,0,1,2,0,1,2,2,823,6.712956201,0,Winter
148,5,0,0,1,2,0,1,2,2,851,6.746412129,0,Winter
148,6,0,0,1,2,0,1,2,2,862,6.759255271,0,Winter
148,7,0,0,1,2,0,1,2,2,830,6.721425701,0,Winter
148,8,0,0,1,2,0,1,2,2,825,6.715383386,0,Winter
148,9,0,0,1,2,0,1,2,2,838,6.7310181,0,Winter
148,10,0,0,1,2,0,1,2,2,830,6.721425701,0,Winter
148,11,0,0,1,2,0,1,2,2,824,6.71417053,0,Winter
148,12,0,0,1,2,0,1,2,2,836,6.728628613,0,Winter
148,13,0,0,1,2,0,1,2,2,755,6.626717749,0,Winter
149,1,0,0,1,2,0,1,2,2,1194,7.085064294,1,Autumn
149,2,0,0,1,2,0,1,2,2,1397,7.242082359,1,Autumn
149,3,0,0,1,2,0,1,2,2,1611,7.384610383,1,Autumn
149,4,0,0,1,2,0,1,2,2,1681,7.427144133,1,Autumn
149,5,0,0,1,2,0,1,2,2,1756,7.470793774,1,Autumn
149,6,0,0,1,2,0,1,2,2,1892,7.54538975,1,Autumn
149,7,0,0,1,2,0,1,2,2,1956,7.578656851,1,Autumn
149,8,0,0,1,2,0,1,2,2,2043,7.622174595,1,Autumn
149,9,0,0,1,2,0,1,2,2,2101,7.650168701,1,Autumn
149,10,0,0,1,2,0,1,2,2,2135,7.666221926,1,Autumn
149,11,0,0,1,2,0,1,2,2,1629,7.395721609,1,Autumn
149,12,0,0,1,2,0,1,2,2,929,6.834108739,0,Autumn
150,1,0,0,1,2,0,1,2,2,734,6.598509029,0,Autumn
150,2,0,0,1,2,0,1,2,2,662,6.495265556,0,Autumn
150,3,0,0,1,2,0,1,2,2,654,6.483107351,0,Autumn
150,4,0,0,1,2,0,1,2,2,642,6.464588304,0,Autumn
150,5,0,0,1,2,0,1,2,2,647,6.472346295,0,Autumn
150,6,0,0,1,2,0,1,2,2,675,6.514712691,0,Autumn
150,7,0,0,1,2,0,1,2,2,671,6.508769137,0,Autumn
150,8,0,0,1,2,0,1,2,2,705,6.558197803,0,Autumn
150,9,0,0,1,2,0,1,2,2,680,6.522092798,0,Autumn
150,10,0,0,1,2,0,1,2,2,678,6.519147288,0,Autumn
150,11,0,0,1,2,0,1,2,2,669,6.50578406,0,Autumn
150,12,0,0,1,2,0,1,2,2,659,6.490723535,0,Autumn
150,13,0,0,1,2,0,1,2,2,621,6.431331082,0,Autumn
151,1,0,0,1,2,0,1,2,2,609,6.411818268,0,Autumn
151,2,0,0,1,2,0,1,2,2,631,6.447305863,0,Autumn
151,3,0,0,1,2,0,1,2,2,631,6.447305863,0,Autumn
151,4,0,0,1,2,0,1,2,2,647,6.472346295,0,Autumn
151,5,0,0,1,2,0,1,2,2,669,6.50578406,0,Autumn
151,6,0,0,1,2,0,1,2,2,695,6.543911846,0,Autumn
151,7,0,0,1,2,0,1,2,2,681,6.523562306,0,Autumn
151,8,0,0,1,2,0,1,2,2,685,6.529418838,0,Autumn
151,9,0,0,1,2,0,1,2,2,700,6.551080335,0,Autumn
151,10,0,0,1,2,0,1,2,2,667,6.502790046,0,Autumn
151,11,0,0,1,2,0,1,2,2,647,6.472346295,0,Autumn
151,12,0,0,1,2,0,1,2,2,656,6.486160789,0,Autumn
151,13,0,0,1,2,0,1,2,2,634,6.452048954,0,Autumn
151,14,0,0,1,2,0,1,2,2,601,6.398594935,0,Autumn
152,1,0,0,1,2,0,1,2,2,609,6.411818268,0,Autumn
152,2,0,0,1,2,0,1,2,2,655,6.484635236,0,Autumn
152,3,0,0,1,2,0,1,2,2,703,6.555356892,0,Autumn
152,4,0,0,1,2,0,1,2,2,748,6.617402978,0,Autumn
152,5,0,0,1,2,0,1,2,2,811,6.698268054,0,Autumn
152,6,0,0,1,2,0,1,2,2,838,6.7310181,0,Autumn
152,7,0,0,1,2,0,1,2,2,869,6.767343125,0,Autumn
152,8,0,0,1,2,0,1,2,2,889,6.790097236,0,Autumn
152,9,0,0,1,2,0,1,2,2,911,6.814542897,0,Autumn
152,10,0,0,1,2,0,1,2,2,929,6.834108739,0,Autumn
152,11,0,0,1,2,0,1,2,2,960,6.866933284,0,Autumn
152,12,0,0,1,2,0,1,2,2,956,6.862757913,0,Autumn
152,13,0,0,1,2,0,1,2,2,967,6.874198495,0,Autumn
153,1,0,0,1,2,0,1,2,2,710,6.56526497,0,Autumn
153,2,0,0,1,2,0,1,2,2,736,6.601230119,0,Autumn
153,3,0,0,1,2,0,1,2,2,794,6.677083461,0,Autumn
153,4,0,0,1,2,0,1,2,2,840,6.733401892,0,Autumn
153,5,0,0,1,2,0,1,2,2,865,6.762729507,0,Autumn
153,6,0,0,1,2,0,1,2,2,905,6.807934944,0,Autumn
153,7,0,0,1,2,0,1,2,2,918,6.822197391,0,Autumn
153,8,0,0,1,2,0,1,2,2,926,6.830874235,0,Autumn
153,9,0,0,1,2,0,1,2,2,895,6.796823718,0,Autumn
154,1,0,0,1,2,0,1,2,2,883,6.783325201,0,Autumn
154,2,0,0,1,2,0,1,2,2,895,6.796823718,0,Autumn
154,3,0,0,1,2,0,1,2,2,898,6.800170068,0,Autumn
154,4,0,0,1,2,0,1,2,2,883,6.783325201,0,Autumn
154,5,0,0,1,2,0,1,2,2,886,6.786716951,0,Autumn
154,6,0,0,1,2,0,1,2,2,879,6.778784898,0,Autumn
154,7,0,0,1,2,0,1,2,2,873,6.771935556,0,Autumn
154,8,0,0,1,2,0,1,2,2,883,6.783325201,0,Autumn
154,9,0,0,1,2,0,1,2,2,881,6.781057626,0,Autumn
154,10,0,0,1,2,0,1,2,2,890,6.791221463,0,Autumn
154,11,0,0,1,2,0,1,2,2,879,6.778784898,0,Autumn
154,12,0,0,1,2,0,1,2,2,870,6.768493212,0,Autumn
154,13,0,0,1,2,0,1,2,2,867,6.765038977,0,Autumn
154,14,0,0,1,2,0,1,2,2,881,6.781057626,0,Autumn
154,15,0,0,1,2,0,1,2,2,881,6.781057626,0,Autumn
155,1,0,0,1,2,0,1,2,1,846,6.74051936,0,Autumn
155,2,0,0,1,2,0,1,2,1,854,6.749931194,0,Autumn
155,3,0,0,1,2,0,1,2,1,834,6.726233402,0,Autumn
155,4,0,0,1,2,0,1,2,1,849,6.744059186,0,Autumn
155,5,0,0,1,2,0,1,2,1,850,6.745236349,0,Autumn
155,6,0,0,1,2,0,1,2,1,826,6.716594774,0,Autumn
155,7,0,0,1,2,0,1,2,1,851,6.746412129,0,Autumn
155,8,0,0,1,2,0,1,2,1,847,6.741700695,0,Autumn
155,9,0,0,1,2,0,1,2,1,854,6.749931194,0,Autumn
155,10,0,0,1,2,0,1,2,1,837,6.72982407,0,Autumn
155,11,0,0,1,2,0,1,2,1,821,6.710523109,0,Autumn
155,12,0,0,1,2,0,1,2,1,820,6.70930434,0,Autumn
155,13,0,0,1,2,0,1,2,1,837,6.72982407,0,Autumn
155,14,0,0,1,2,0,1,2,1,825,6.715383386,0,Autumn
156,1,1,2,3,2,5,2,1,2,1180,7.073269717,1,
156,2,1,2,3,2,5,2,1,2,1165,7.060476366,1,
156,3,1,2,3,2,5,2,1,2,1094,6.997595983,1,
156,4,1,2,3,2,5,2,1,2,1085,6.989335266,1,
156,5,1,2,3,2,5,2,1,2,1016,6.923628628,1,
156,6,1,2,3,2,5,2,1,2,1004,6.9117473,1,
156,7,1,2,3,2,5,2,1,1,918,6.822197391,0,
156,8,1,2,3,2,5,2,1,2,916,6.820016365,0,
156,9,1,2,3,2,5,2,1,1,895,6.796823718,0,
156,10,1,2,3,2,5,2,1,1,889,6.790097236,0,
156,11,1,2,3,2,5,2,1,1,885,6.785587645,0,
156,12,1,2,3,2,5,2,1,2,879,6.778784898,0,
156,13,1,2,3,2,5,2,1,2,872,6.770789424,0,
156,14,1,2,3,2,5,2,1,1,872,6.770789424,0,
156,15,1,2,3,2,5,2,1,1,853,6.748759547,0,
156,16,1,2,3,2,5,2,1,1,848,6.742880636,0,
156,17,1,2,3,2,5,2,1,1,832,6.723832441,0,
156,18,1,2,3,2,5,2,1,1,829,6.720220155,0,
156,19,1,2,3,2,5,2,1,1,827,6.717804695,0,
156,20,1,2,3,2,5,2,1,1,821,6.710523109,0,
156,21,1,2,3,2,5,2,1,1,814,6.701960366,0,
156,22,1,2,3,2,5,2,1,2,813,6.70073111,0,
156,23,1,2,3,2,5,2,1,2,810,6.697034248,0,
156,24,1,2,3,2,5,2,1,1,805,6.690842277,0,
156,25,1,2,3,2,5,2,1,1,804,6.689599269,0,
156,26,1,2,3,2,5,2,1,1,789,6.670766321,0,
156,27,1,2,3,2,5,2,1,1,789,6.670766321,0,
156,28,1,2,3,2,5,2,1,1,789,6.670766321,0,
156,29,1,2,3,2,5,2,1,1,788,6.66949809,0,
156,30,1,2,3,2,5,2,1,1,784,6.66440902,0,
156,31,1,2,3,2,5,2,1,1,782,6.661854741,0,
156,32,1,2,3,2,5,2,1,1,781,6.66057515,0,
156,33,1,2,3,2,5,2,1,1,780,6.65929392,0,
156,34,1,2,3,2,5,2,1,1,780,6.65929392,0,
156,35,1,2,3,2,5,2,1,1,777,6.65544035,0,
156,36,1,2,3,2,5,2,1,1,756,6.628041376,0,
156,37,1,2,3,2,5,2,1,1,753,6.624065228,0,
156,38,1,2,3,2,5,2,1,1,728,6.590301048,0,
156,39,1,2,3,2,5,2,1,1,724,6.584791392,0,
156,40,1,2,3,2,5,2,1,1,718,6.576469569,0,
156,41,1,2,3,2,5,2,1,1,708,6.562444094,0,
156,42,1,2,3,2,5,2,1,1,692,6.539585956,0,
156,43,1,2,3,2,5,2,1,1,674,6.513230111,0,
156,44,1,2,3,2,5,2,1,1,662,6.495265556,0,
156,45,1,2,3,2,5,2,1,1,661,6.49375384,0,
156,46,1,2,3,2,5,2,1,1,660,6.492239835,0,
156,47,1,2,3,2,5,2,1,1,658,6.489204931,0,
156,48,1,2,3,2,5,2,1,1,639,6.459904454,0,
156,49,1,2,3,2,5,2,1,1,634,6.452048954,0,
156,50,1,2,3,2,5,2,1,1,634,6.452048954,0,
156,51,1,2,3,2,5,2,1,1,624,6.436150368,0,
156,52,1,2,3,2,5,2,1,1,619,6.428105273,0,
156,53,1,2,3,2,5,2,1,1,619,6.428105273,0,
156,54,1,2,3,2,5,2,1,1,617,6.424869024,0,
157,1,1,2,3,2,5,2,1,2,914,6.817830571,0,
157,2,1,2,3,2,5,2,1,2,872,6.770789424,0,
157,3,1,2,3,2,5,2,1,1,858,6.754604099,0,
157,4,1,2,3,2,5,2,1,1,845,6.739336627,0,
157,5,1,2,3,2,5,2,1,1,831,6.722629795,0,
157,6,1,2,3,2,5,2,1,1,801,6.685860947,0,
157,7,1,2,3,2,5,2,1,2,798,6.682108597,0,
157,8,1,2,3,2,5,2,1,1,785,6.665683718,0,
157,9,1,2,3,2,5,2,1,1,782,6.661854741,0,
157,10,1,2,3,2,5,2,1,1,779,6.658011046,0,
157,11,1,2,3,2,5,2,1,2,777,6.65544035,0,
157,12,1,2,3,2,5,2,1,2,774,6.651571874,0,
157,13,1,2,3,2,5,2,1,1,774,6.651571874,0,
157,14,1,2,3,2,5,2,1,1,774,6.651571874,0,
157,15,1,2,3,2,5,2,1,1,768,6.643789733,0,
157,16,1,2,3,2,5,2,1,2,761,6.634633358,0,
157,17,1,2,3,2,5,2,1,1,760,6.633318433,0,
157,18,1,2,3,2,5,2,1,1,748,6.617402978,0,
157,19,1,2,3,2,5,2,1,2,746,6.6147256,0,
157,20,1,2,3,2,5,2,1,1,746,6.6147256,0,
157,21,1,2,3,2,5,2,1,1,735,6.599870499,0,
157,22,1,2,3,2,5,2,1,1,735,6.599870499,0,
157,23,1,2,3,2,5,2,1,2,731,6.59441346,0,
157,24,1,2,3,2,5,2,1,1,730,6.593044534,0,
157,25,1,2,3,2,5,2,1,2,727,6.588926478,0,
157,26,1,2,3,2,5,2,1,1,724,6.584791392,0,
157,27,1,2,3,2,5,2,1,1,723,6.583409222,0,
157,28,1,2,3,2,5,2,1,2,721,6.580639137,0,
157,29,1,2,3,2,5,2,1,1,721,6.580639137,0,
157,30,1,2,3,2,5,2,1,1,721,6.580639137,0,
157,31,1,2,3,2,5,2,1,1,719,6.577861358,0,
157,32,1,2,3,2,5,2,1,1,714,6.570882962,0,
157,33,1,2,3,2,5,2,1,1,708,6.562444094,0,
157,34,1,2,3,2,5,2,1,1,708,6.562444094,0,
157,35,1,2,3,2,5,2,1,1,707,6.561030666,0,
157,36,1,2,3,2,5,2,1,1,706,6.559615237,0,
157,37,1,2,3,2,5,2,1,1,704,6.556778356,0,
157,38,1,2,3,2,5,2,1,1,681,6.523562306,0,
157,39,1,2,3,2,5,2,1,1,678,6.519147288,0,
157,40,1,2,3,2,5,2,1,1,675,6.514712691,0,
157,41,1,2,3,2,5,2,1,1,665,6.499787041,0,
157,42,1,2,3,2,5,2,1,1,661,6.49375384,0,
157,43,1,2,3,2,5,2,1,1,654,6.483107351,0,
157,44,1,2,3,2,5,2,1,1,639,6.459904454,0,
157,45,1,2,3,2,5,2,1,1,623,6.434546519,0,
157,46,1,2,3,2,5,2,1,1,613,6.418364936,0,
157,47,1,2,3,2,5,2,1,1,608,6.410174882,0,
157,48,1,2,3,2,5,2,1,1,580,6.363028104,0,
157,49,1,2,3,2,5,2,1,1,575,6.354370041,0,
157,50,1,2,3,2,5,2,1,1,565,6.336825731,0,
157,51,1,2,3,2,5,2,1,1,558,6.324358962,0,
158,1,1,2,3,2,5,2,1,3,921,6.825460036,0,
158,2,1,2,3,2,5,2,1,3,903,6.805722553,0,
158,3,1,2,3,2,5,2,1,3,893,6.794586581,0,
158,4,1,2,3,2,5,2,1,3,879,6.778784898,0,
158,5,1,2,3,2,5,2,1,3,875,6.774223886,0,
158,6,1,2,3,2,5,2,1,2,814,6.701960366,0,
158,7,1,2,3,2,5,2,1,2,798,6.682108597,0,
158,8,1,2,3,2,5,2,1,3,795,6.678342115,0,
158,9,1,2,3,2,5,2,1,3,791,6.673297968,0,
158,10,1,2,3,2,5,2,1,3,785,6.665683718,0,
158,11,1,2,3,2,5,2,1,3,782,6.661854741,0,
158,12,1,2,3,2,5,2,1,3,766,6.64118217,0,
158,13,1,2,3,2,5,2,1,2,758,6.630683386,0,
158,14,1,2,3,2,5,2,1,2,757,6.629363253,0,
158,15,1,2,3,2,5,2,1,3,757,6.629363253,0,
158,16,1,2,3,2,5,2,1,3,749,6.618738984,0,
158,17,1,2,3,2,5,2,1,3,742,6.609349243,0,
158,18,1,2,3,2,5,2,1,1,738,6.603943825,0,
158,19,1,2,3,2,5,2,1,2,737,6.602587892,0,
158,20,1,2,3,2,5,2,1,3,727,6.588926478,0,
158,21,1,2,3,2,5,2,1,2,722,6.582025139,0,
158,22,1,2,3,2,5,2,1,3,721,6.580639137,0,
158,23,1,2,3,2,5,2,1,2,721,6.580639137,0,
158,24,1,2,3,2,5,2,1,2,715,6.572282543,0,
158,25,1,2,3,2,5,2,1,2,707,6.561030666,0,
158,26,1,2,3,2,5,2,1,2,707,6.561030666,0,
158,27,1,2,3,2,5,2,1,2,706,6.559615237,0,
158,28,1,2,3,2,5,2,1,1,700,6.551080335,0,
158,29,1,2,3,2,5,2,1,2,700,6.551080335,0,
158,30,1,2,3,2,5,2,1,2,695,6.543911846,0,
158,31,1,2,3,2,5,2,1,2,694,6.542471961,0,
158,32,1,2,3,2,5,2,1,1,690,6.536691598,0,
158,33,1,2,3,2,5,2,1,1,689,6.535241271,0,
158,34,1,2,3,2,5,2,1,1,684,6.527957918,0,
158,35,1,2,3,2,5,2,1,1,667,6.502790046,0,
158,36,1,2,3,2,5,2,1,2,663,6.49677499,0,
158,37,1,2,3,2,5,2,1,1,652,6.480044562,0,
158,38,1,2,3,2,5,2,1,1,647,6.472346295,0,
158,39,1,2,3,2,5,2,1,1,641,6.463029457,0,
158,40,1,2,3,2,5,2,1,2,641,6.463029457,0,
158,41,1,2,3,2,5,2,1,2,619,6.428105273,0,
158,42,1,2,3,2,5,2,1,1,618,6.426488457,0,
158,43,1,2,3,2,5,2,1,1,618,6.426488457,0,
158,44,1,2,3,2,5,2,1,2,613,6.418364936,0,
158,45,1,2,3,2,5,2,1,2,611,6.415096959,0,
158,46,1,2,3,2,5,2,1,1,598,6.393590754,0,
158,47,1,2,3,2,5,2,1,1,597,6.391917113,0,
158,48,1,2,3,2,5,2,1,1,572,6.349138991,0,
158,49,1,2,3,2,5,2,1,1,570,6.345636361,0,
158,50,1,2,3,2,5,2,1,1,569,6.343880434,0,
159,1,1,2,3,2,5,2,1,3,1107,7.009408933,1,
159,2,1,2,3,2,5,2,1,3,1042,6.948897222,1,
159,3,1,2,3,2,5,2,1,3,1022,6.929516771,1,
159,4,1,2,3,2,5,2,1,2,1014,6.921658184,1,
159,5,1,2,3,2,5,2,1,3,963,6.870053412,0,
159,6,1,2,3,2,5,2,1,2,934,6.839476438,0,
159,7,1,2,3,2,5,2,1,2,925,6.829793738,0,
159,8,1,2,3,2,5,2,1,3,924,6.828712072,0,
159,9,1,2,3,2,5,2,1,3,914,6.817830571,0,
159,10,1,2,3,2,5,2,1,3,909,6.812345094,0,
159,11,1,2,3,2,5,2,1,3,901,6.803505258,0,
159,12,1,2,3,2,5,2,1,3,899,6.801283034,0,
159,13,1,2,3,2,5,2,1,3,889,6.790097236,0,
159,14,1,2,3,2,5,2,1,3,850,6.745236349,0,
159,15,1,2,3,2,5,2,1,3,847,6.741700695,0,
159,16,1,2,3,2,5,2,1,3,844,6.738152495,0,
159,17,1,2,3,2,5,2,1,3,835,6.727431725,0,
159,18,1,2,3,2,5,2,1,3,809,6.695798917,0,
159,19,1,2,3,2,5,2,1,3,808,6.694562059,0,
159,20,1,2,3,2,5,2,1,3,805,6.690842277,0,
159,21,1,2,3,2,5,2,1,3,797,6.680854679,0,
159,22,1,2,3,2,5,2,1,3,796,6.679599186,0,
159,23,1,2,3,2,5,2,1,3,793,6.675823222,0,
159,24,1,2,3,2,5,2,1,3,791,6.673297968,0,
159,25,1,2,3,2,5,2,1,3,789,6.670766321,0,
159,26,1,2,3,2,5,2,1,3,787,6.668228248,0,
159,27,1,2,3,2,5,2,1,3,782,6.661854741,0,
159,28,1,2,3,2,5,2,1,2,777,6.65544035,0,
159,29,1,2,3,2,5,2,1,3,772,6.64898455,0,
159,30,1,2,3,2,5,2,1,2,771,6.647688374,0,
159,31,1,2,3,2,5,2,1,3,738,6.603943825,0,
159,32,1,2,3,2,5,2,1,3,726,6.587550015,0,
159,33,1,2,3,2,5,2,1,1,722,6.582025139,0,
159,34,1,2,3,2,5,2,1,3,709,6.563855527,0,
159,35,1,2,3,2,5,2,1,3,709,6.563855527,0,
159,36,1,2,3,2,5,2,1,1,689,6.535241271,0,
159,37,1,2,3,2,5,2,1,3,688,6.533788838,0,
159,38,1,2,3,2,5,2,1,1,682,6.525029658,0,
159,39,1,2,3,2,5,2,1,1,658,6.489204931,0,
159,40,1,2,3,2,5,2,1,1,658,6.489204931,0,
159,41,1,2,3,2,5,2,1,1,657,6.487684018,0,
159,42,1,2,3,2,5,2,1,1,652,6.480044562,0,
159,43,1,2,3,2,5,2,1,1,645,6.469250317,0,
159,44,1,2,3,2,5,2,1,1,639,6.459904454,0,
159,45,1,2,3,2,5,2,1,1,635,6.453624999,0,
159,46,1,2,3,2,5,2,1,1,635,6.453624999,0,
159,47,1,2,3,2,5,2,1,1,633,6.450470422,0,
159,48,1,2,3,2,5,2,1,1,627,6.440946541,0,
159,49,1,2,3,2,5,2,1,1,616,6.423246964,0,
159,50,1,2,3,2,5,2,1,1,616,6.423246964,0,
159,51,1,2,3,2,5,2,1,1,611,6.415096959,0,
159,52,1,2,3,2,5,2,1,1,611,6.415096959,0,
159,53,1,2,3,2,5,2,1,1,606,6.406879986,0,
159,54,1,2,3,2,5,2,1,1,591,6.381816017,0,
159,55,1,2,3,2,5,2,1,1,570,6.345636361,0,
159,56,1,2,3,2,5,2,1,1,553,6.315358002,0,
160,1,1,2,0,1,5,2,1,3,941,6.84694314,0,
160,2,1,2,0,1,5,2,1,3,907,6.81014245,0,
160,3,1,2,0,1,5,2,1,2,902,6.80461452,0,
160,4,1,2,0,1,5,2,1,3,900,6.802394763,0,
160,5,1,2,0,1,5,2,1,3,895,6.796823718,0,
160,6,1,2,0,1,5,2,1,2,891,6.792344427,0,
160,7,1,2,0,1,5,2,1,3,889,6.790097236,0,
160,8,1,2,0,1,5,2,1,3,888,6.788971743,0,
160,9,1,2,0,1,5,2,1,1,878,6.777646594,0,
160,10,1,2,0,1,5,2,1,1,872,6.770789424,0,
160,11,1,2,0,1,5,2,1,1,865,6.762729507,0,
160,12,1,2,0,1,5,2,1,2,864,6.761572769,0,
160,13,1,2,0,1,5,2,1,1,863,6.760414691,0,
160,14,1,2,0,1,5,2,1,2,862,6.759255271,0,
160,15,1,2,0,1,5,2,1,1,860,6.756932389,0,
160,16,1,2,0,1,5,2,1,3,860,6.756932389,0,
160,17,1,2,0,1,5,2,1,3,857,6.753437919,0,
160,18,1,2,0,1,5,2,1,1,855,6.751101469,0,
160,19,1,2,0,1,5,2,1,2,847,6.741700695,0,
160,20,1,2,0,1,5,2,1,2,845,6.739336627,0,
160,21,1,2,0,1,5,2,1,2,844,6.738152495,0,
160,22,1,2,0,1,5,2,1,2,843,6.736966958,0,
160,23,1,2,0,1,5,2,1,2,838,6.7310181,0,
160,24,1,2,0,1,5,2,1,1,831,6.722629795,0,
160,25,1,2,0,1,5,2,1,1,831,6.722629795,0,
160,26,1,2,0,1,5,2,1,1,828,6.719013154,0,
160,27,1,2,0,1,5,2,1,2,822,6.711740395,0,
160,28,1,2,0,1,5,2,1,2,819,6.708084084,0,
160,29,1,2,0,1,5,2,1,2,816,6.704414355,0,
160,30,1,2,0,1,5,2,1,1,814,6.701960366,0,
160,31,1,2,0,1,5,2,1,2,813,6.70073111,0,
160,32,1,2,0,1,5,2,1,1,809,6.695798917,0,
160,33,1,2,0,1,5,2,1,2,808,6.694562059,0,
160,34,1,2,0,1,5,2,1,2,807,6.693323668,0,
160,35,1,2,0,1,5,2,1,2,806,6.692083743,0,
160,36,1,2,0,1,5,2,1,1,805,6.690842277,0,
160,37,1,2,0,1,5,2,1,1,802,6.687108608,0,
160,38,1,2,0,1,5,2,1,2,802,6.687108608,0,
160,39,1,2,0,1,5,2,1,2,799,6.683360946,0,
160,40,1,2,0,1,5,2,1,1,798,6.682108597,0,
160,41,1,2,0,1,5,2,1,1,796,6.679599186,0,
160,42,1,2,0,1,5,2,1,2,792,6.674561392,0,
160,43,1,2,0,1,5,2,1,3,792,6.674561392,0,
160,44,1,2,0,1,5,2,1,1,792,6.674561392,0,
160,45,1,2,0,1,5,2,1,1,789,6.670766321,0,
160,46,1,2,0,1,5,2,1,1,784,6.66440902,0,
160,47,1,2,0,1,5,2,1,1,782,6.661854741,0,
160,48,1,2,0,1,5,2,1,1,779,6.658011046,0,
160,49,1,2,0,1,5,2,1,1,773,6.650279049,0,
160,50,1,2,0,1,5,2,1,1,772,6.64898455,0,
160,51,1,2,0,1,5,2,1,1,753,6.624065228,0,
160,52,1,2,0,1,5,2,1,1,707,6.561030666,0,
160,53,1,2,0,1,5,2,1,1,696,6.54534966,0,
160,54,1,2,0,1,5,2,1,1,694,6.542471961,0,
160,55,1,2,0,1,5,2,1,1,692,6.539585956,0,
160,56,1,2,0,1,5,2,1,1,658,6.489204931,0,
160,57,1,2,0,1,5,2,1,1,644,6.467698726,0,
161,1,1,2,0,1,5,2,1,3,830,6.721425701,0,
161,2,1,2,0,1,5,2,1,3,829,6.720220155,0,
161,3,1,2,0,1,5,2,1,3,805,6.690842277,0,
161,4,1,2,0,1,5,2,1,3,799,6.683360946,0,
161,5,1,2,0,1,5,2,1,3,794,6.677083461,0,
161,6,1,2,0,1,5,2,1,3,790,6.672032945,0,
161,7,1,2,0,1,5,2,1,3,788,6.66949809,0,
161,8,1,2,0,1,5,2,1,3,782,6.661854741,0,
161,9,1,2,0,1,5,2,1,3,778,6.656726524,0,
161,10,1,2,0,1,5,2,1,3,775,6.652863029,0,
161,11,1,2,0,1,5,2,1,3,773,6.650279049,0,
161,12,1,2,0,1,5,2,1,3,772,6.64898455,0,
161,13,1,2,0,1,5,2,1,3,772,6.64898455,0,
161,14,1,2,0,1,5,2,1,3,769,6.64509097,0,
161,15,1,2,0,1,5,2,1,3,768,6.643789733,0,
161,16,1,2,0,1,5,2,1,3,768,6.643789733,0,
161,17,1,2,0,1,5,2,1,3,764,6.638567789,0,
161,18,1,2,0,1,5,2,1,3,754,6.625392368,0,
161,19,1,2,0,1,5,2,1,2,753,6.624065228,0,
161,20,1,2,0,1,5,2,1,2,750,6.620073207,0,
161,21,1,2,0,1,5,2,1,2,735,6.599870499,0,
161,22,1,2,0,1,5,2,1,1,733,6.597145702,0,
161,23,1,2,0,1,5,2,1,2,730,6.593044534,0,
161,24,1,2,0,1,5,2,1,1,724,6.584791392,0,
161,25,1,2,0,1,5,2,1,2,722,6.582025139,0,
161,26,1,2,0,1,5,2,1,2,716,6.573680167,0,
161,27,1,2,0,1,5,2,1,1,711,6.56667243,0,
161,28,1,2,0,1,5,2,1,1,710,6.56526497,0,
161,29,1,2,0,1,5,2,1,1,708,6.562444094,0,
161,30,1,2,0,1,5,2,1,2,703,6.555356892,0,
161,31,1,2,0,1,5,2,1,1,702,6.553933404,0,
161,32,1,2,0,1,5,2,1,1,699,6.549650742,0,
161,33,1,2,0,1,5,2,1,2,694,6.542471961,0,
161,34,1,2,0,1,5,2,1,2,692,6.539585956,0,
161,35,1,2,0,1,5,2,1,1,690,6.536691598,0,
161,36,1,2,0,1,5,2,1,2,687,6.532334292,0,
161,37,1,2,0,1,5,2,1,2,687,6.532334292,0,
161,38,1,2,0,1,5,2,1,2,683,6.52649486,0,
161,39,1,2,0,1,5,2,1,2,681,6.523562306,0,
161,40,1,2,0,1,5,2,1,1,665,6.499787041,0,
161,41,1,2,0,1,5,2,1,1,660,6.492239835,0,
161,42,1,2,0,1,5,2,1,2,650,6.476972363,0,
161,43,1,2,0,1,5,2,1,1,621,6.431331082,0,
161,44,1,2,0,1,5,2,1,1,616,6.423246964,0,
162,1,1,2,0,1,5,2,1,1,810,6.697034248,0,
162,2,1,2,0,1,5,2,1,1,798,6.682108597,0,
162,3,1,2,0,1,5,2,1,1,798,6.682108597,0,
162,4,1,2,0,1,5,2,1,1,792,6.674561392,0,
162,5,1,2,0,1,5,2,1,1,785,6.665683718,0,
162,6,1,2,0,1,5,2,1,1,783,6.663132696,0,
162,7,1,2,0,1,5,2,1,1,779,6.658011046,0,
162,8,1,2,0,1,5,2,1,1,777,6.65544035,0,
162,9,1,2,0,1,5,2,1,1,758,6.630683386,0,
162,10,1,2,0,1,5,2,1,1,752,6.622736324,0,
162,11,1,2,0,1,5,2,1,1,748,6.617402978,0,
162,12,1,2,0,1,5,2,1,1,735,6.599870499,0,
162,13,1,2,0,1,5,2,1,1,723,6.583409222,0,
162,14,1,2,0,1,5,2,1,1,719,6.577861358,0,
162,15,1,2,0,1,5,2,1,1,718,6.576469569,0,
162,16,1,2,0,1,5,2,1,1,717,6.575075841,0,
162,17,1,2,0,1,5,2,1,1,707,6.561030666,0,
162,18,1,2,0,1,5,2,1,1,705,6.558197803,0,
162,19,1,2,0,1,5,2,1,1,701,6.552507887,0,
162,20,1,2,0,1,5,2,1,1,694,6.542471961,0,
162,21,1,2,0,1,5,2,1,1,687,6.532334292,0,
162,22,1,2,0,1,5,2,1,1,685,6.529418838,0,
162,23,1,2,0,1,5,2,1,1,684,6.527957918,0,
162,24,1,2,0,1,5,2,1,1,683,6.52649486,0,
162,25,1,2,0,1,5,2,1,1,680,6.522092798,0,
162,26,1,2,0,1,5,2,1,1,677,6.517671273,0,
162,27,1,2,0,1,5,2,1,1,672,6.510258341,0,
162,28,1,2,0,1,5,2,1,1,667,6.502790046,0,
162,29,1,2,0,1,5,2,1,1,662,6.495265556,0,
162,30,1,2,0,1,5,2,1,1,657,6.487684018,0,
162,31,1,2,0,1,5,2,1,1,652,6.480044562,0,
162,32,1,2,0,1,5,2,1,1,646,6.470799504,0,
162,33,1,2,0,1,5,2,1,1,645,6.469250317,0,
162,34,1,2,0,1,5,2,1,1,643,6.466144724,0,
162,35,1,2,0,1,5,2,1,1,642,6.464588304,0,
162,36,1,2,0,1,5,2,1,1,640,6.461468176,0,
162,37,1,2,0,1,5,2,1,1,636,6.455198563,0,
162,38,1,2,0,1,5,2,1,1,627,6.440946541,0,
162,39,1,2,0,1,5,2,1,1,627,6.440946541,0,
162,40,1,2,0,1,5,2,1,1,624,6.436150368,0,
162,41,1,2,0,1,5,2,1,1,619,6.428105273,0,
162,42,1,2,0,1,5,2,1,1,616,6.423246964,0,
163,1,1,2,0,1,5,2,1,2,918,6.822197391,0,
163,2,1,2,0,1,5,2,1,3,900,6.802394763,0,
163,3,1,2,0,1,5,2,1,3,877,6.776506992,0,
163,4,1,2,0,1,5,2,1,3,857,6.753437919,0,
163,5,1,2,0,1,5,2,1,2,852,6.747586527,0,
163,6,1,2,0,1,5,2,1,3,851,6.746412129,0,
163,7,1,2,0,1,5,2,1,3,847,6.741700695,0,
163,8,1,2,0,1,5,2,1,2,833,6.725033642,0,
163,9,1,2,0,1,5,2,1,3,827,6.717804695,0,
163,10,1,2,0,1,5,2,1,2,806,6.692083743,0,
163,11,1,2,0,1,5,2,1,2,803,6.688354714,0,
163,12,1,2,0,1,5,2,1,2,777,6.65544035,0,
163,13,1,2,0,1,5,2,1,1,777,6.65544035,0,
163,14,1,2,0,1,5,2,1,3,776,6.65415252,0,
163,15,1,2,0,1,5,2,1,2,775,6.652863029,0,
163,16,1,2,0,1,5,2,1,2,775,6.652863029,0,
163,17,1,2,0,1,5,2,1,1,775,6.652863029,0,
163,18,1,2,0,1,5,2,1,2,768,6.643789733,0,
163,19,1,2,0,1,5,2,1,2,768,6.643789733,0,
163,20,1,2,0,1,5,2,1,2,768,6.643789733,0,
163,21,1,2,0,1,5,2,1,2,768,6.643789733,0,
163,22,1,2,0,1,5,2,1,2,760,6.633318433,0,
163,23,1,2,0,1,5,2,1,2,753,6.624065228,0,
163,24,1,2,0,1,5,2,1,2,748,6.617402978,0,
163,25,1,2,0,1,5,2,1,2,740,6.606650186,0,
163,26,1,2,0,1,5,2,1,2,740,6.606650186,0,
163,27,1,2,0,1,5,2,1,2,739,6.605297921,0,
163,28,1,2,0,1,5,2,1,2,733,6.597145702,0,
163,29,1,2,0,1,5,2,1,3,733,6.597145702,0,
163,30,1,2,0,1,5,2,1,1,729,6.591673732,0,
163,31,1,2,0,1,5,2,1,2,724,6.584791392,0,
163,32,1,2,0,1,5,2,1,2,719,6.577861358,0,
163,33,1,2,0,1,5,2,1,2,718,6.576469569,0,
163,34,1,2,0,1,5,2,1,2,707,6.561030666,0,
163,35,1,2,0,1,5,2,1,1,704,6.556778356,0,
163,36,1,2,0,1,5,2,1,1,699,6.549650742,0,
163,37,1,2,0,1,5,2,1,2,687,6.532334292,0,
163,38,1,2,0,1,5,2,1,2,610,6.413458957,0,
164,1,1,2,3,2,5,2,1,3,1104,7.006695227,1,
164,2,1,2,3,2,5,2,1,3,998,6.905753276,0,
164,3,1,2,3,2,5,2,1,3,984,6.891625897,0,
164,4,1,2,3,2,5,2,1,2,950,6.856461985,0,
164,5,1,2,3,2,5,2,1,3,938,6.843749949,0,
164,6,1,2,3,2,5,2,1,2,909,6.812345094,0,
164,7,1,2,3,2,5,2,1,3,895,6.796823718,0,
164,8,1,2,3,2,5,2,1,3,890,6.791221463,0,
164,9,1,2,3,2,5,2,1,2,889,6.790097236,0,
164,10,1,2,3,2,5,2,1,3,884,6.784457063,0,
164,11,1,2,3,2,5,2,1,2,879,6.778784898,0,
164,12,1,2,3,2,5,2,1,3,877,6.776506992,0,
164,13,1,2,3,2,5,2,1,2,873,6.771935556,0,
164,14,1,2,3,2,5,2,1,3,867,6.765038977,0,
164,15,1,2,3,2,5,2,1,2,859,6.755768922,0,
164,16,1,2,3,2,5,2,1,3,855,6.751101469,0,
164,17,1,2,3,2,5,2,1,3,843,6.736966958,0,
164,18,1,2,3,2,5,2,1,3,841,6.73459166,0,
164,19,1,2,3,2,5,2,1,3,836,6.728628613,0,
164,20,1,2,3,2,5,2,1,3,834,6.726233402,0,
164,21,1,2,3,2,5,2,1,3,831,6.722629795,0,
164,22,1,2,3,2,5,2,1,3,828,6.719013154,0,
164,23,1,2,3,2,5,2,1,3,828,6.719013154,0,
164,24,1,2,3,2,5,2,1,3,823,6.712956201,0,
164,25,1,2,3,2,5,2,1,3,818,6.706862337,0,
164,26,1,2,3,2,5,2,1,3,817,6.705639095,0,
164,27,1,2,3,2,5,2,1,3,817,6.705639095,0,
164,28,1,2,3,2,5,2,1,3,814,6.701960366,0,
164,29,1,2,3,2,5,2,1,3,806,6.692083743,0,
164,30,1,2,3,2,5,2,1,2,804,6.689599269,0,
164,31,1,2,3,2,5,2,1,3,803,6.688354714,0,
164,32,1,2,3,2,5,2,1,2,799,6.683360946,0,
164,33,1,2,3,2,5,2,1,3,796,6.679599186,0,
164,34,1,2,3,2,5,2,1,3,794,6.677083461,0,
164,35,1,2,3,2,5,2,1,2,792,6.674561392,0,
164,36,1,2,3,2,5,2,1,3,784,6.66440902,0,
164,37,1,2,3,2,5,2,1,3,754,6.625392368,0,
164,38,1,2,3,2,5,2,1,2,751,6.621405652,0,
164,39,1,2,3,2,5,2,1,3,744,6.612041035,0,
164,40,1,2,3,2,5,2,1,2,742,6.609349243,0,
164,41,1,2,3,2,5,2,1,2,733,6.597145702,0,
164,42,1,2,3,2,5,2,1,3,730,6.593044534,0,
164,43,1,2,3,2,5,2,1,2,714,6.570882962,0,
164,44,1,2,3,2,5,2,1,3,700,6.551080335,0,
164,45,1,2,3,2,5,2,1,3,690,6.536691598,0,
164,46,1,2,3,2,5,2,1,2,688,6.533788838,0,
164,47,1,2,3,2,5,2,1,2,682,6.525029658,0,
164,48,1,2,3,2,5,2,1,2,669,6.50578406,0,
164,49,1,2,3,2,5,2,1,1,657,6.487684018,0,
164,50,1,2,3,2,5,2,1,2,657,6.487684018,0,
164,51,1,2,3,2,5,2,1,2,649,6.475432717,0,
164,52,1,2,3,2,5,2,1,1,640,6.461468176,0,
164,53,1,2,3,2,5,2,1,2,638,6.458338283,0,
164,54,1,2,3,2,5,2,1,1,635,6.453624999,0,
164,55,1,2,3,2,5,2,1,1,630,6.445719819,0,
164,56,1,2,3,2,5,2,1,1,611,6.415096959,0,
164,57,1,2,3,2,5,2,1,1,606,6.406879986,0,
164,58,1,2,3,2,5,2,1,1,604,6.403574198,0,
164,59,1,2,3,2,5,2,1,1,596,6.390240667,0,
164,60,1,2,3,2,5,2,1,1,571,6.34738921,0,
164,61,1,2,3,2,5,2,1,1,546,6.302618976,0,
164,62,1,2,3,2,5,2,1,1,523,6.259581464,0,
164,63,1,2,3,2,5,2,1,1,522,6.257667588,0,
165,1,1,2,3,2,5,2,1,3,1233,7.117205503,1,
165,2,1,2,3,2,5,2,1,3,1228,7.113142109,1,
165,3,1,2,3,2,5,2,1,3,1187,7.079184395,1,
165,4,1,2,3,2,5,2,1,3,1169,7.063903961,1,
165,5,1,2,3,2,5,2,1,3,1168,7.063048163,1,
165,6,1,2,3,2,5,2,1,3,1155,7.051855623,1,
165,7,1,2,3,2,5,2,1,3,1115,7.016609684,1,
165,8,1,2,3,2,5,2,1,3,1102,7.00488199,1,
165,9,1,2,3,2,5,2,1,3,1076,6.981005741,1,
165,10,1,2,3,2,5,2,1,3,1064,6.96979067,1,
165,11,1,2,3,2,5,2,1,3,1046,6.952728645,1,
165,12,1,2,3,2,5,2,1,3,1038,6.945051064,1,
165,13,1,2,3,2,5,2,1,3,1034,6.941190055,1,
165,14,1,2,3,2,5,2,1,3,1022,6.929516771,1,
165,15,1,2,3,2,5,2,1,3,1017,6.924612396,1,
165,16,1,2,3,2,5,2,1,3,1008,6.915723449,1,
165,17,1,2,3,2,5,2,1,3,1006,6.913737351,1,
165,18,1,2,3,2,5,2,1,3,1003,6.910750788,1,
165,19,1,2,3,2,5,2,1,3,996,6.903747258,0,
165,20,1,2,3,2,5,2,1,3,984,6.891625897,0,
165,21,1,2,3,2,5,2,1,3,981,6.88857246,0,
165,22,1,2,3,2,5,2,1,3,977,6.884486652,0,
165,23,1,2,3,2,5,2,1,3,973,6.880384082,0,
165,24,1,2,3,2,5,2,1,3,968,6.875232087,0,
165,25,1,2,3,2,5,2,1,3,958,6.864847778,0,
165,26,1,2,3,2,5,2,1,3,957,6.863803391,0,
165,27,1,2,3,2,5,2,1,3,953,6.859614904,0,
165,28,1,2,3,2,5,2,1,3,952,6.858565035,0,
165,29,1,2,3,2,5,2,1,3,950,6.856461985,0,
165,30,1,2,3,2,5,2,1,3,945,6.851184927,0,
165,31,1,2,3,2,5,2,1,3,926,6.830874235,0,
165,32,1,2,3,2,5,2,1,2,922,6.826545224,0,
165,33,1,2,3,2,5,2,1,3,911,6.814542897,0,
165,34,1,2,3,2,5,2,1,2,872,6.770789424,0,
165,35,1,2,3,2,5,2,1,2,863,6.760414691,0,
165,36,1,2,3,2,5,2,1,2,862,6.759255271,0,
165,37,1,2,3,2,5,2,1,2,858,6.754604099,0,
165,38,1,2,3,2,5,2,1,2,855,6.751101469,0,
165,39,1,2,3,2,5,2,1,3,854,6.749931194,0,
165,40,1,2,3,2,5,2,1,2,842,6.735780014,0,
165,41,1,2,3,2,5,2,1,2,834,6.726233402,0,
165,42,1,2,3,2,5,2,1,1,829,6.720220155,0,
165,43,1,2,3,2,5,2,1,1,825,6.715383386,0,
165,44,1,2,3,2,5,2,1,1,819,6.708084084,0,
165,45,1,2,3,2,5,2,1,2,811,6.698268054,0,
165,46,1,2,3,2,5,2,1,2,801,6.685860947,0,
165,47,1,2,3,2,5,2,1,1,800,6.684611728,0,
165,48,1,2,3,2,5,2,1,1,757,6.629363253,0,
165,49,1,2,3,2,5,2,1,2,748,6.617402978,0,
165,50,1,2,3,2,5,2,1,1,699,6.549650742,0,
165,51,1,2,3,2,5,2,1,2,692,6.539585956,0,
165,52,1,2,3,2,5,2,1,1,664,6.498282149,0,
165,53,1,2,3,2,5,2,1,1,628,6.442540166,0,
165,54,1,2,3,2,5,2,1,1,587,6.37502482,0,
166,1,1,2,3,2,5,2,1,2,720,6.579251212,0,
166,2,1,2,3,2,5,2,1,2,717,6.575075841,0,
166,3,1,2,3,2,5,2,1,2,693,6.541029999,0,
166,4,1,2,3,2,5,2,1,2,683,6.52649486,0,
166,5,1,2,3,2,5,2,1,1,674,6.513230111,0,
166,6,1,2,3,2,5,2,1,2,657,6.487684018,0,
166,7,1,2,3,2,5,2,1,1,645,6.469250317,0,
166,8,1,2,3,2,5,2,1,1,628,6.442540166,0,
166,9,1,2,3,2,5,2,1,1,628,6.442540166,0,
166,10,1,2,3,2,5,2,1,1,607,6.408528791,0,
166,11,1,2,3,2,5,2,1,1,588,6.376726948,0,
167,1,1,2,3,2,5,2,1,3,917,6.821107472,0,
167,2,1,2,3,2,5,2,1,3,911,6.814542897,0,
167,3,1,2,3,2,5,2,1,3,903,6.805722553,0,
167,4,1,2,3,2,5,2,1,3,893,6.794586581,0,
167,5,1,2,3,2,5,2,1,3,881,6.781057626,0,
167,6,1,2,3,2,5,2,1,3,864,6.761572769,0,
167,7,1,2,3,2,5,2,1,3,860,6.756932389,0,
167,8,1,2,3,2,5,2,1,3,859,6.755768922,0,
167,9,1,2,3,2,5,2,1,3,854,6.749931194,0,
167,10,1,2,3,2,5,2,1,3,853,6.748759547,0,
167,11,1,2,3,2,5,2,1,3,837,6.72982407,0,
167,12,1,2,3,2,5,2,1,3,834,6.726233402,0,
167,13,1,2,3,2,5,2,1,3,831,6.722629795,0,
167,14,1,2,3,2,5,2,1,3,828,6.719013154,0,
167,15,1,2,3,2,5,2,1,3,825,6.715383386,0,
167,16,1,2,3,2,5,2,1,3,820,6.70930434,0,
167,17,1,2,3,2,5,2,1,3,812,6.69950034,0,
167,18,1,2,3,2,5,2,1,3,811,6.698268054,0,
167,19,1,2,3,2,5,2,1,3,810,6.697034248,0,
167,20,1,2,3,2,5,2,1,3,807,6.693323668,0,
167,21,1,2,3,2,5,2,1,3,807,6.693323668,0,
167,22,1,2,3,2,5,2,1,3,801,6.685860947,0,
167,23,1,2,3,2,5,2,1,3,792,6.674561392,0,
167,24,1,2,3,2,5,2,1,3,791,6.673297968,0,
167,25,1,2,3,2,5,2,1,2,791,6.673297968,0,
167,26,1,2,3,2,5,2,1,3,789,6.670766321,0,
167,27,1,2,3,2,5,2,1,3,787,6.668228248,0,
167,28,1,2,3,2,5,2,1,3,785,6.665683718,0,
167,29,1,2,3,2,5,2,1,3,784,6.66440902,0,
167,30,1,2,3,2,5,2,1,3,773,6.650279049,0,
167,31,1,2,3,2,5,2,1,3,769,6.64509097,0,
167,32,1,2,3,2,5,2,1,3,766,6.64118217,0,
167,33,1,2,3,2,5,2,1,3,760,6.633318433,0,
167,34,1,2,3,2,5,2,1,3,756,6.628041376,0,
167,35,1,2,3,2,5,2,1,3,754,6.625392368,0,
167,36,1,2,3,2,5,2,1,3,751,6.621405652,0,
167,37,1,2,3,2,5,2,1,3,751,6.621405652,0,
167,38,1,2,3,2,5,2,1,2,749,6.618738984,0,
167,39,1,2,3,2,5,2,1,1,746,6.6147256,0,
167,40,1,2,3,2,5,2,1,2,745,6.613384218,0,
167,41,1,2,3,2,5,2,1,3,738,6.603943825,0,
167,42,1,2,3,2,5,2,1,3,733,6.597145702,0,
167,43,1,2,3,2,5,2,1,3,717,6.575075841,0,
167,44,1,2,3,2,5,2,1,3,713,6.56948142,0,
167,45,1,2,3,2,5,2,1,1,667,6.502790046,0,
167,46,1,2,3,2,5,2,1,1,663,6.49677499,0,
167,47,1,2,3,2,5,2,1,1,645,6.469250317,0,
167,48,1,2,3,2,5,2,1,1,641,6.463029457,0,
167,49,1,2,3,2,5,2,1,1,623,6.434546519,0,
168,1,1,2,3,2,5,2,1,3,1145,7.043159916,1,
168,2,1,2,3,2,5,2,1,3,1136,7.035268599,1,
168,3,1,2,3,2,5,2,1,3,1128,7.028201432,1,
168,4,1,2,3,2,5,2,1,3,1123,7.023758955,1,
168,5,1,2,3,2,5,2,1,3,1094,6.997595983,1,
168,6,1,2,3,2,5,2,1,3,1091,6.994849986,1,
168,7,1,2,3,2,5,2,1,3,1073,6.978213743,1,
168,8,1,2,3,2,5,2,1,3,1068,6.97354302,1,
168,9,1,2,3,2,5,2,1,3,1064,6.96979067,1,
168,10,1,2,3,2,5,2,1,3,1037,6.944087208,1,
168,11,1,2,3,2,5,2,1,3,1026,6.933423026,1,
168,12,1,2,3,2,5,2,1,3,1022,6.929516771,1,
168,13,1,2,3,2,5,2,1,3,1013,6.920671504,1,
168,14,1,2,3,2,5,2,1,3,1012,6.91968385,1,
168,15,1,2,3,2,5,2,1,3,1005,6.91274282,1,
168,16,1,2,3,2,5,2,1,3,994,6.901737207,0,
168,17,1,2,3,2,5,2,1,3,980,6.887552572,0,
168,18,1,2,3,2,5,2,1,3,979,6.886531643,0,
168,19,1,2,3,2,5,2,1,3,971,6.878326468,0,
168,20,1,2,3,2,5,2,1,3,963,6.870053412,0,
168,21,1,2,3,2,5,2,1,3,962,6.869014451,0,
168,22,1,2,3,2,5,2,1,3,938,6.843749949,0,
168,23,1,2,3,2,5,2,1,3,927,6.831953566,0,
168,24,1,2,3,2,5,2,1,3,924,6.828712072,0,
168,25,1,2,3,2,5,2,1,3,906,6.809039306,0,
168,26,1,2,3,2,5,2,1,3,897,6.799055862,0,
168,27,1,2,3,2,5,2,1,3,893,6.794586581,0,
168,28,1,2,3,2,5,2,1,3,889,6.790097236,0,
168,29,1,2,3,2,5,2,1,3,881,6.781057626,0,
168,30,1,2,3,2,5,2,1,3,879,6.778784898,0,
168,31,1,2,3,2,5,2,1,3,873,6.771935556,0,
168,32,1,2,3,2,5,2,1,3,871,6.769641977,0,
168,33,1,2,3,2,5,2,1,2,869,6.767343125,0,
168,34,1,2,3,2,5,2,1,3,866,6.763884909,0,
168,35,1,2,3,2,5,2,1,2,861,6.758094504,0,
168,36,1,2,3,2,5,2,1,3,854,6.749931194,0,
168,37,1,2,3,2,5,2,1,3,853,6.748759547,0,
168,38,1,2,3,2,5,2,1,2,853,6.748759547,0,
168,39,1,2,3,2,5,2,1,2,850,6.745236349,0,
168,40,1,2,3,2,5,2,1,3,848,6.742880636,0,
168,41,1,2,3,2,5,2,1,3,838,6.7310181,0,
168,42,1,2,3,2,5,2,1,3,837,6.72982407,0,
168,43,1,2,3,2,5,2,1,2,834,6.726233402,0,
168,44,1,2,3,2,5,2,1,3,834,6.726233402,0,
168,45,1,2,3,2,5,2,1,3,833,6.725033642,0,
168,46,1,2,3,2,5,2,1,3,831,6.722629795,0,
168,47,1,2,3,2,5,2,1,3,830,6.721425701,0,
168,48,1,2,3,2,5,2,1,3,824,6.71417053,0,
168,49,1,2,3,2,5,2,1,2,823,6.712956201,0,
168,50,1,2,3,2,5,2,1,2,809,6.695798917,0,
168,51,1,2,3,2,5,2,1,3,797,6.680854679,0,
168,52,1,2,3,2,5,2,1,2,796,6.679599186,0,
168,53,1,2,3,2,5,2,1,2,788,6.66949809,0,
168,54,1,2,3,2,5,2,1,1,699,6.549650742,0,
168,55,1,2,3,2,5,2,1,1,676,6.516193076,0,
169,1,1,2,0,1,6,2,1,1,959,6.865891075,0,
169,2,1,2,0,1,6,2,1,1,901,6.803505258,0,
169,3,1,2,0,1,6,2,1,1,900,6.802394763,0,
169,4,1,2,0,1,6,2,1,1,900,6.802394763,0,
169,5,1,2,0,1,6,2,1,1,892,6.793466133,0,
169,6,1,2,0,1,6,2,1,1,890,6.791221463,0,
169,7,1,2,0,1,6,2,1,1,889,6.790097236,0,
169,8,1,2,0,1,6,2,1,1,886,6.786716951,0,
169,9,1,2,0,1,6,2,1,1,879,6.778784898,0,
169,10,1,2,0,1,6,2,1,1,861,6.758094504,0,
169,11,1,2,0,1,6,2,1,1,857,6.753437919,0,
169,12,1,2,0,1,6,2,1,1,853,6.748759547,0,
169,13,1,2,0,1,6,2,1,1,662,6.495265556,0,
170,1,1,2,0,1,6,2,1,3,1244,7.126087273,1,
170,2,1,2,0,1,6,2,1,3,1236,7.119635638,1,
170,3,1,2,0,1,6,2,1,3,1213,7.100851909,1,
170,4,1,2,0,1,6,2,1,3,1208,7.096721378,1,
170,5,1,2,0,1,6,2,1,3,1141,7.03966035,1,
170,6,1,2,0,1,6,2,1,2,1076,6.981005741,1,
170,7,1,2,0,1,6,2,1,2,951,6.857514063,0,
170,8,1,2,0,1,6,2,1,3,887,6.787844982,0,
170,9,1,2,0,1,6,2,1,2,835,6.727431725,0,
171,1,1,2,3,2,6,2,1,1,911,6.814542897,0,
171,2,1,2,3,2,6,2,1,1,861,6.758094504,0,
171,3,1,2,3,2,6,2,1,1,828,6.719013154,0,
171,4,1,2,3,2,6,2,1,1,822,6.711740395,0,
171,5,1,2,3,2,6,2,1,1,806,6.692083743,0,
171,6,1,2,3,2,6,2,1,1,794,6.677083461,0,
171,7,1,2,3,2,6,2,1,1,788,6.66949809,0,
171,8,1,2,3,2,6,2,1,1,784,6.66440902,0,
171,9,1,2,3,2,6,2,1,1,779,6.658011046,0,
171,10,1,2,3,2,6,2,1,1,752,6.622736324,0,
171,11,1,2,3,2,6,2,1,1,722,6.582025139,0,
171,12,1,2,3,2,6,2,1,1,669,6.50578406,0,
172,1,1,2,3,2,6,2,1,2,907,6.81014245,0,
172,2,1,2,3,2,6,2,1,2,897,6.799055862,0,
172,3,1,2,3,2,6,2,1,2,880,6.779921907,0,
172,4,1,2,3,2,6,2,1,2,874,6.773080376,0,
172,5,1,2,3,2,6,2,1,2,869,6.767343125,0,
172,6,1,2,3,2,6,2,1,1,864,6.761572769,0,
172,7,1,2,3,2,6,2,1,2,819,6.708084084,0,
172,8,1,2,3,2,6,2,1,2,812,6.69950034,0,
172,9,1,2,3,2,6,2,1,1,809,6.695798917,0,
172,10,1,2,3,2,6,2,1,1,800,6.684611728,0,
172,11,1,2,3,2,6,2,1,2,798,6.682108597,0,
172,12,1,2,3,2,6,2,1,1,793,6.675823222,0,
172,13,1,2,3,2,6,2,1,1,792,6.674561392,0,
172,14,1,2,3,2,6,2,1,1,786,6.666956792,0,
172,15,1,2,3,2,6,2,1,1,780,6.65929392,0,
172,16,1,2,3,2,6,2,1,1,778,6.656726524,0,
172,17,1,2,3,2,6,2,1,1,777,6.65544035,0,
172,18,1,2,3,2,6,2,1,2,776,6.65415252,0,
172,19,1,2,3,2,6,2,1,1,775,6.652863029,0,
172,20,1,2,3,2,6,2,1,1,775,6.652863029,0,
172,21,1,2,3,2,6,2,1,1,769,6.64509097,0,
172,22,1,2,3,2,6,2,1,1,768,6.643789733,0,
172,23,1,2,3,2,6,2,1,1,767,6.642486801,0,
172,24,1,2,3,2,6,2,1,1,766,6.64118217,0,
172,25,1,2,3,2,6,2,1,1,763,6.637258031,0,
172,26,1,2,3,2,6,2,1,1,761,6.634633358,0,
172,27,1,2,3,2,6,2,1,1,761,6.634633358,0,
172,28,1,2,3,2,6,2,1,2,760,6.633318433,0,
172,29,1,2,3,2,6,2,1,2,759,6.632001777,0,
172,30,1,2,3,2,6,2,1,2,754,6.625392368,0,
172,31,1,2,3,2,6,2,1,1,752,6.622736324,0,
172,32,1,2,3,2,6,2,1,1,750,6.620073207,0,
172,33,1,2,3,2,6,2,1,2,745,6.613384218,0,
172,34,1,2,3,2,6,2,1,2,739,6.605297921,0,
172,35,1,2,3,2,6,2,1,1,737,6.602587892,0,
172,36,1,2,3,2,6,2,1,1,737,6.602587892,0,
172,37,1,2,3,2,6,2,1,1,731,6.59441346,0,
172,38,1,2,3,2,6,2,1,1,725,6.586171655,0,
172,39,1,2,3,2,6,2,1,1,715,6.572282543,0,
172,40,1,2,3,2,6,2,1,1,708,6.562444094,0,
172,41,1,2,3,2,6,2,1,1,707,6.561030666,0,
172,42,1,2,3,2,6,2,1,2,707,6.561030666,0,
172,43,1,2,3,2,6,2,1,1,697,6.546785411,0,
172,44,1,2,3,2,6,2,1,1,695,6.543911846,0,
172,45,1,2,3,2,6,2,1,1,660,6.492239835,0,
173,1,1,2,3,2,6,2,1,2,939,6.844815479,0,
173,2,1,2,3,2,6,2,1,3,827,6.717804695,0,
173,3,1,2,3,2,6,2,1,2,826,6.716594774,0,
173,4,1,2,3,2,6,2,1,2,824,6.71417053,0,
173,5,1,2,3,2,6,2,1,3,820,6.70930434,0,
173,6,1,2,3,2,6,2,1,3,812,6.69950034,0,
173,7,1,2,3,2,6,2,1,3,806,6.692083743,0,
173,8,1,2,3,2,6,2,1,3,798,6.682108597,0,
173,9,1,2,3,2,6,2,1,2,798,6.682108597,0,
173,10,1,2,3,2,6,2,1,1,796,6.679599186,0,
173,11,1,2,3,2,6,2,1,1,794,6.677083461,0,
173,12,1,2,3,2,6,2,1,3,788,6.66949809,0,
173,13,1,2,3,2,6,2,1,2,781,6.66057515,0,
173,14,1,2,3,2,6,2,1,3,780,6.65929392,0,
173,15,1,2,3,2,6,2,1,2,766,6.64118217,0,
173,16,1,2,3,2,6,2,1,3,766,6.64118217,0,
173,17,1,2,3,2,6,2,1,3,759,6.632001777,0,
173,18,1,2,3,2,6,2,1,3,755,6.626717749,0,
173,19,1,2,3,2,6,2,1,3,755,6.626717749,0,
173,20,1,2,3,2,6,2,1,3,751,6.621405652,0,
173,21,1,2,3,2,6,2,1,2,751,6.621405652,0,
173,22,1,2,3,2,6,2,1,2,749,6.618738984,0,
173,23,1,2,3,2,6,2,1,2,748,6.617402978,0,
173,24,1,2,3,2,6,2,1,2,742,6.609349243,0,
173,25,1,2,3,2,6,2,1,3,739,6.605297921,0,
173,26,1,2,3,2,6,2,1,1,737,6.602587892,0,
173,27,1,2,3,2,6,2,1,3,730,6.593044534,0,
173,28,1,2,3,2,6,2,1,3,725,6.586171655,0,
173,29,1,2,3,2,6,2,1,1,725,6.586171655,0,
173,30,1,2,3,2,6,2,1,1,725,6.586171655,0,
173,31,1,2,3,2,6,2,1,1,722,6.582025139,0,
173,32,1,2,3,2,6,2,1,1,720,6.579251212,0,
173,33,1,2,3,2,6,2,1,1,705,6.558197803,0,
173,34,1,2,3,2,6,2,1,2,699,6.549650742,0,
173,35,1,2,3,2,6,2,1,1,678,6.519147288,0,
173,36,1,2,3,2,6,2,1,1,674,6.513230111,0,
173,37,1,2,3,2,6,2,1,1,673,6.51174533,0,
173,38,1,2,3,2,6,2,1,1,664,6.498282149,0,
173,39,1,2,3,2,6,2,1,1,663,6.49677499,0,
173,40,1,2,3,2,6,2,1,1,659,6.490723535,0,
173,41,1,2,3,2,6,2,1,1,659,6.490723535,0,
173,42,1,2,3,2,6,2,1,1,654,6.483107351,0,
173,43,1,2,3,2,6,2,1,1,630,6.445719819,0,
173,44,1,2,3,2,6,2,1,1,624,6.436150368,0,
174,1,1,2,3,2,6,2,1,2,775,6.652863029,0,
174,2,1,2,3,2,6,2,1,1,767,6.642486801,0,
174,3,1,2,3,2,6,2,1,2,763,6.637258031,0,
174,4,1,2,3,2,6,2,1,1,749,6.618738984,0,
174,5,1,2,3,2,6,2,1,1,746,6.6147256,0,
174,6,1,2,3,2,6,2,1,1,745,6.613384218,0,
174,7,1,2,3,2,6,2,1,1,725,6.586171655,0,
174,8,1,2,3,2,6,2,1,2,718,6.576469569,0,
174,9,1,2,3,2,6,2,1,1,703,6.555356892,0,
174,10,1,2,3,2,6,2,1,1,693,6.541029999,0,
174,11,1,2,3,2,6,2,1,1,685,6.529418838,0,
174,12,1,2,3,2,6,2,1,2,681,6.523562306,0,
174,13,1,2,3,2,6,2,1,1,669,6.50578406,0,
174,14,1,2,3,2,6,2,1,2,650,6.476972363,0,
175,1,1,2,0,1,6,2,1,1,827,6.717804695,0,
175,2,1,2,0,1,6,2,1,1,801,6.685860947,0,
175,3,1,2,0,1,6,2,1,1,790,6.672032945,0,
175,4,1,2,0,1,6,2,1,1,778,6.656726524,0,
175,5,1,2,0,1,6,2,1,1,768,6.643789733,0,
175,6,1,2,0,1,6,2,1,1,760,6.633318433,0,
175,7,1,2,0,1,6,2,1,1,741,6.608000625,0,
175,8,1,2,0,1,6,2,1,1,740,6.606650186,0,
175,9,1,2,0,1,6,2,1,1,739,6.605297921,0,
175,10,1,2,0,1,6,2,1,1,723,6.583409222,0,
175,11,1,2,0,1,6,2,1,1,720,6.579251212,0,
175,12,1,2,0,1,6,2,1,1,720,6.579251212,0,
175,13,1,2,0,1,6,2,1,1,713,6.56948142,0,
175,14,1,2,0,1,6,2,1,1,702,6.553933404,0,
175,15,1,2,0,1,6,2,1,1,699,6.549650742,0,
175,16,1,2,0,1,6,2,1,1,696,6.54534966,0,
175,17,1,2,0,1,6,2,1,1,689,6.535241271,0,
175,18,1,2,0,1,6,2,1,1,680,6.522092798,0,
175,19,1,2,0,1,6,2,1,1,669,6.50578406,0,
175,20,1,2,0,1,6,2,1,1,658,6.489204931,0,
175,21,1,2,0,1,6,2,1,1,638,6.458338283,0,
176,1,1,2,3,2,6,2,1,3,908,6.811244379,0,
176,2,1,2,3,2,6,2,1,3,890,6.791221463,0,
176,3,1,2,3,2,6,2,1,3,879,6.778784898,0,
176,4,1,2,3,2,6,2,1,3,879,6.778784898,0,
176,5,1,2,3,2,6,2,1,3,825,6.715383386,0,
176,6,1,2,3,2,6,2,1,1,824,6.71417053,0,
176,7,1,2,3,2,6,2,1,1,819,6.708084084,0,
176,8,1,2,3,2,6,2,1,3,818,6.706862337,0,
176,9,1,2,3,2,6,2,1,2,813,6.70073111,0,
176,10,1,2,3,2,6,2,1,2,811,6.698268054,0,
176,11,1,2,3,2,6,2,1,1,802,6.687108608,0,
176,12,1,2,3,2,6,2,1,1,801,6.685860947,0,
176,13,1,2,3,2,6,2,1,1,800,6.684611728,0,
176,14,1,2,3,2,6,2,1,1,794,6.677083461,0,
176,15,1,2,3,2,6,2,1,1,792,6.674561392,0,
176,16,1,2,3,2,6,2,1,1,783,6.663132696,0,
176,17,1,2,3,2,6,2,1,1,779,6.658011046,0,
176,18,1,2,3,2,6,2,1,3,777,6.65544035,0,
176,19,1,2,3,2,6,2,1,3,776,6.65415252,0,
176,20,1,2,3,2,6,2,1,1,775,6.652863029,0,
176,21,1,2,3,2,6,2,1,3,775,6.652863029,0,
176,22,1,2,3,2,6,2,1,1,769,6.64509097,0,
176,23,1,2,3,2,6,2,1,3,768,6.643789733,0,
176,24,1,2,3,2,6,2,1,1,766,6.64118217,0,
176,25,1,2,3,2,6,2,1,1,766,6.64118217,0,
176,26,1,2,3,2,6,2,1,1,765,6.639875834,0,
176,27,1,2,3,2,6,2,1,3,764,6.638567789,0,
176,28,1,2,3,2,6,2,1,3,754,6.625392368,0,
176,29,1,2,3,2,6,2,1,3,753,6.624065228,0,
176,30,1,2,3,2,6,2,1,2,752,6.622736324,0,
176,31,1,2,3,2,6,2,1,2,751,6.621405652,0,
176,32,1,2,3,2,6,2,1,2,748,6.617402978,0,
176,33,1,2,3,2,6,2,1,1,747,6.616065185,0,
176,34,1,2,3,2,6,2,1,1,745,6.613384218,0,
176,35,1,2,3,2,6,2,1,1,742,6.609349243,0,
176,36,1,2,3,2,6,2,1,1,741,6.608000625,0,
176,37,1,2,3,2,6,2,1,1,734,6.598509029,0,
176,38,1,2,3,2,6,2,1,1,733,6.597145702,0,
176,39,1,2,3,2,6,2,1,2,719,6.577861358,0,
176,40,1,2,3,2,6,2,1,2,718,6.576469569,0,
176,41,1,2,3,2,6,2,1,1,595,6.388561406,0,
177,1,1,2,3,2,5,2,1,2,1004,6.9117473,1,
177,2,1,2,3,2,5,2,1,2,988,6.895682698,0,
177,3,1,2,3,2,5,2,1,2,896,6.797940413,0,
177,4,1,2,3,2,5,2,1,2,865,6.762729507,0,
177,5,1,2,3,2,5,2,1,2,845,6.739336627,0,
177,6,1,2,3,2,5,2,1,2,843,6.736966958,0,
177,7,1,2,3,2,5,2,1,2,836,6.728628613,0,
177,8,1,2,3,2,5,2,1,2,824,6.71417053,0,
177,9,1,2,3,2,5,2,1,2,816,6.704414355,0,
177,10,1,2,3,2,5,2,1,2,814,6.701960366,0,
177,11,1,2,3,2,5,2,1,2,811,6.698268054,0,
177,12,1,2,3,2,5,2,1,2,806,6.692083743,0,
177,13,1,2,3,2,5,2,1,2,804,6.689599269,0,
177,14,1,2,3,2,5,2,1,2,788,6.66949809,0,
177,15,1,2,3,2,5,2,1,2,668,6.504288174,0,
178,1,1,2,3,2,5,2,1,3,1120,7.021083964,1,
178,2,1,2,3,2,5,2,1,3,1101,7.003974137,1,
178,3,1,2,3,2,5,2,1,3,1019,6.926577033,1,
178,4,1,2,3,2,5,2,1,3,1019,6.926577033,1,
178,5,1,2,3,2,5,2,1,3,997,6.90475077,0,
178,6,1,2,3,2,5,2,1,3,975,6.882437471,0,
178,7,1,2,3,2,5,2,1,3,958,6.864847778,0,
178,8,1,2,3,2,5,2,1,3,950,6.856461985,0,
178,9,1,2,3,2,5,2,1,3,930,6.835184586,0,
178,10,1,2,3,2,5,2,1,3,924,6.828712072,0,
178,11,1,2,3,2,5,2,1,3,913,6.816735881,0,
178,12,1,2,3,2,5,2,1,2,913,6.816735881,0,
178,13,1,2,3,2,5,2,1,3,912,6.81563999,0,
178,14,1,2,3,2,5,2,1,3,910,6.8134446,0,
178,15,1,2,3,2,5,2,1,2,908,6.811244379,0,
178,16,1,2,3,2,5,2,1,3,871,6.769641977,0,
178,17,1,2,3,2,5,2,1,2,870,6.768493212,0,
178,18,1,2,3,2,5,2,1,3,865,6.762729507,0,
178,19,1,2,3,2,5,2,1,2,854,6.749931194,0,
178,20,1,2,3,2,5,2,1,2,849,6.744059186,0,
178,21,1,2,3,2,5,2,1,3,844,6.738152495,0,
178,22,1,2,3,2,5,2,1,3,843,6.736966958,0,
178,23,1,2,3,2,5,2,1,3,839,6.732210706,0,
178,24,1,2,3,2,5,2,1,2,832,6.723832441,0,
178,25,1,2,3,2,5,2,1,2,826,6.716594774,0,
178,26,1,2,3,2,5,2,1,2,823,6.712956201,0,
178,27,1,2,3,2,5,2,1,2,821,6.710523109,0,
178,28,1,2,3,2,5,2,1,2,821,6.710523109,0,
178,29,1,2,3,2,5,2,1,2,815,6.703188113,0,
178,30,1,2,3,2,5,2,1,2,800,6.684611728,0,
178,31,1,2,3,2,5,2,1,2,799,6.683360946,0,
178,32,1,2,3,2,5,2,1,2,786,6.666956792,0,
178,33,1,2,3,2,5,2,1,2,782,6.661854741,0,
178,34,1,2,3,2,5,2,1,2,780,6.65929392,0,
178,35,1,2,3,2,5,2,1,3,775,6.652863029,0,
178,36,1,2,3,2,5,2,1,2,769,6.64509097,0,
178,37,1,2,3,2,5,2,1,2,763,6.637258031,0,
178,38,1,2,3,2,5,2,1,3,761,6.634633358,0,
178,39,1,2,3,2,5,2,1,2,760,6.633318433,0,
178,40,1,2,3,2,5,2,1,2,754,6.625392368,0,
178,41,1,2,3,2,5,2,1,2,749,6.618738984,0,
178,42,1,2,3,2,5,2,1,2,745,6.613384218,0,
178,43,1,2,3,2,5,2,1,2,739,6.605297921,0,
178,44,1,2,3,2,5,2,1,2,699,6.549650742,0,
178,45,1,2,3,2,5,2,1,2,686,6.530877628,0,
178,46,1,2,3,2,5,2,1,3,608,6.410174882,0,
179,1,1,2,0,1,6,1,1,2,1121,7.021976423,1,
179,2,1,2,0,1,6,1,1,2,1107,7.009408933,1,
179,3,1,2,0,1,6,1,1,1,1067,6.972606251,1,
179,4,1,2,0,1,6,1,1,2,1060,6.966024187,1,
179,5,1,2,0,1,6,1,1,1,1060,6.966024187,1,
179,6,1,2,0,1,6,1,1,2,1045,6.951772164,1,
179,7,1,2,0,1,6,1,1,1,1036,6.943122423,1,
179,8,1,2,0,1,6,1,1,2,959,6.865891075,0,
179,9,1,2,0,1,6,1,1,2,875,6.774223886,0,
180,1,1,2,0,1,6,1,1,2,1241,7.123672785,1,
180,2,1,2,0,1,6,1,1,3,1208,7.096721378,1,
180,3,1,2,0,1,6,1,1,2,1151,7.048386409,1,
180,4,1,2,0,1,6,1,1,3,1144,7.042286172,1,
180,5,1,2,0,1,6,1,1,2,1141,7.03966035,1,
180,6,1,2,0,1,6,1,1,2,1128,7.028201432,1,
180,7,1,2,0,1,6,1,1,2,1121,7.021976423,1,
180,8,1,2,0,1,6,1,1,2,1110,7.012115294,1,
180,9,1,2,0,1,6,1,1,2,1105,7.007600614,1,
180,10,1,2,0,1,6,1,1,2,1081,6.985641818,1,
180,11,1,2,0,1,6,1,1,2,1070,6.975413927,1,
180,12,1,2,0,1,6,1,1,2,1067,6.972606251,1,
180,13,1,2,0,1,6,1,1,2,1052,6.958448393,1,
180,14,1,2,0,1,6,1,1,2,1050,6.956545443,1,
180,15,1,2,0,1,6,1,1,2,1039,6.946013991,1,
180,16,1,2,0,1,6,1,1,1,993,6.900730664,0,
180,17,1,2,0,1,6,1,1,2,961,6.867974409,0,
180,18,1,2,0,1,6,1,1,1,956,6.862757913,0,
180,19,1,2,0,1,6,1,1,1,941,6.84694314,0,
180,20,1,2,0,1,6,1,1,1,937,6.842683282,0,
180,21,1,2,0,1,6,1,1,1,937,6.842683282,0,
180,22,1,2,0,1,6,1,1,1,930,6.835184586,0,
180,23,1,2,0,1,6,1,1,1,913,6.816735881,0,
180,24,1,2,0,1,6,1,1,2,904,6.80682936,0,
180,25,1,2,0,1,6,1,1,1,902,6.80461452,0,
180,26,1,2,0,1,6,1,1,1,896,6.797940413,0,
180,27,1,2,0,1,6,1,1,1,893,6.794586581,0,
180,28,1,2,0,1,6,1,1,1,889,6.790097236,0,
180,29,1,2,0,1,6,1,1,1,868,6.766191715,0,
180,30,1,2,0,1,6,1,1,1,854,6.749931194,0,
180,31,1,2,0,1,6,1,1,1,852,6.747586527,0,
180,32,1,2,0,1,6,1,1,1,825,6.715383386,0,
180,33,1,2,0,1,6,1,1,1,825,6.715383386,0,
180,34,1,2,0,1,6,1,1,1,823,6.712956201,0,
180,35,1,2,0,1,6,1,1,1,817,6.705639095,0,
180,36,1,2,0,1,6,1,1,1,817,6.705639095,0,
180,37,1,2,0,1,6,1,1,1,810,6.697034248,0,
180,38,1,2,0,1,6,1,1,1,772,6.64898455,0,
181,1,1,2,0,1,6,2,1,3,1257,7.136483209,1,
181,2,1,2,0,1,6,2,1,3,1239,7.122059882,1,
181,3,1,2,0,1,6,2,1,3,1188,7.0800265,1,
181,4,1,2,0,1,6,2,1,3,1176,7.069874128,1,
181,5,1,2,0,1,6,2,1,2,1171,7.065613364,1,
181,6,1,2,0,1,6,2,1,1,1170,7.064759028,1,
181,7,1,2,0,1,6,2,1,3,1140,7.038783541,1,
181,8,1,2,0,1,6,2,1,2,1119,7.020190708,1,
181,9,1,2,0,1,6,2,1,3,1118,7.019296654,1,
181,10,1,2,0,1,6,2,1,3,1110,7.012115294,1,
181,11,1,2,0,1,6,2,1,3,1099,7.002155954,1,
181,12,1,2,0,1,6,2,1,3,1093,6.996681488,1,
181,13,1,2,0,1,6,2,1,3,1089,6.993015123,1,
181,14,1,2,0,1,6,2,1,3,1082,6.986566459,1,
181,15,1,2,0,1,6,2,1,2,1066,6.971668605,1,
181,16,1,2,0,1,6,2,1,3,1066,6.971668605,1,
181,17,1,2,0,1,6,2,1,2,956,6.862757913,0,
181,18,1,2,0,1,6,2,1,1,956,6.862757913,0,
181,19,1,2,0,1,6,2,1,1,945,6.851184927,0,
181,20,1,2,0,1,6,2,1,2,930,6.835184586,0,
181,21,1,2,0,1,6,2,1,1,929,6.834108739,0,
181,22,1,2,0,1,6,2,1,1,905,6.807934944,0,
181,23,1,2,0,1,6,2,1,1,887,6.787844982,0,
181,24,1,2,0,1,6,2,1,1,880,6.779921907,0,
181,25,1,2,0,1,6,2,1,1,877,6.776506992,0,
181,26,1,2,0,1,6,2,1,1,867,6.765038977,0,
181,27,1,2,0,1,6,2,1,1,857,6.753437919,0,
181,28,1,2,0,1,6,2,1,1,846,6.74051936,0,
181,29,1,2,0,1,6,2,1,1,839,6.732210706,0,
181,30,1,2,0,1,6,2,1,1,836,6.728628613,0,
181,31,1,2,0,1,6,2,1,1,816,6.704414355,0,
181,32,1,2,0,1,6,2,1,1,812,6.69950034,0,
182,1,1,2,0,1,6,2,1,2,987,6.894670039,0,
182,2,1,2,0,1,6,2,1,2,972,6.879355804,0,
182,3,1,2,0,1,6,2,1,2,972,6.879355804,0,
182,4,1,2,0,1,6,2,1,2,964,6.871091295,0,
182,5,1,2,0,1,6,2,1,2,960,6.866933284,0,
182,6,1,2,0,1,6,2,1,2,952,6.858565035,0,
182,7,1,2,0,1,6,2,1,2,949,6.855408799,0,
182,8,1,2,0,1,6,2,1,2,946,6.852242569,0,
182,9,1,2,0,1,6,2,1,2,942,6.848005275,0,
182,10,1,2,0,1,6,2,1,2,933,6.838405201,0,
182,11,1,2,0,1,6,2,1,2,932,6.837332815,0,
182,12,1,2,0,1,6,2,1,2,929,6.834108739,0,
182,13,1,2,0,1,6,2,1,2,927,6.831953566,0,
182,14,1,2,0,1,6,2,1,2,924,6.828712072,0,
182,15,1,2,0,1,6,2,1,2,919,6.823286122,0,
182,16,1,2,0,1,6,2,1,2,916,6.820016365,0,
182,17,1,2,0,1,6,2,1,2,913,6.816735881,0,
182,18,1,2,0,1,6,2,1,1,908,6.811244379,0,
182,19,1,2,0,1,6,2,1,2,906,6.809039306,0,
182,20,1,2,0,1,6,2,1,2,903,6.805722553,0,
182,21,1,2,0,1,6,2,1,2,901,6.803505258,0,
182,22,1,2,0,1,6,2,1,1,895,6.796823718,0,
182,23,1,2,0,1,6,2,1,1,890,6.791221463,0,
182,24,1,2,0,1,6,2,1,1,864,6.761572769,0,
182,25,1,2,0,1,6,2,1,1,862,6.759255271,0,
182,26,1,2,0,1,6,2,1,1,858,6.754604099,0,
182,27,1,2,0,1,6,2,1,1,858,6.754604099,0,
182,28,1,2,0,1,6,2,1,1,857,6.753437919,0,
182,29,1,2,0,1,6,2,1,2,851,6.746412129,0,
182,30,1,2,0,1,6,2,1,1,843,6.736966958,0,
182,31,1,2,0,1,6,2,1,2,841,6.73459166,0,
182,32,1,2,0,1,6,2,1,1,829,6.720220155,0,
182,33,1,2,0,1,6,2,1,1,824,6.71417053,0,
182,34,1,2,0,1,6,2,1,1,823,6.712956201,0,
182,35,1,2,0,1,6,2,1,1,820,6.70930434,0,
182,36,1,2,0,1,6,2,1,1,820,6.70930434,0,
182,37,1,2,0,1,6,2,1,1,807,6.693323668,0,
182,38,1,2,0,1,6,2,1,1,802,6.687108608,0,
182,39,1,2,0,1,6,2,1,1,795,6.678342115,0,
182,40,1,2,0,1,6,2,1,1,790,6.672032945,0,
182,41,1,2,0,1,6,2,1,1,790,6.672032945,0,
182,42,1,2,0,1,6,2,1,1,783,6.663132696,0,
182,43,1,2,0,1,6,2,1,1,757,6.629363253,0,
182,44,1,2,0,1,6,2,1,1,737,6.602587892,0,
183,1,1,2,3,2,6,2,1,2,822,6.711740395,0,
183,2,1,2,3,2,6,2,1,2,818,6.706862337,0,
183,3,1,2,3,2,6,2,1,2,817,6.705639095,0,
183,4,1,2,3,2,6,2,1,1,799,6.683360946,0,
183,5,1,2,3,2,6,2,1,2,799,6.683360946,0,
183,6,1,2,3,2,6,2,1,2,788,6.66949809,0,
183,7,1,2,3,2,6,2,1,2,759,6.632001777,0,
183,8,1,2,3,2,6,2,1,2,750,6.620073207,0,
183,9,1,2,3,2,6,2,1,2,746,6.6147256,0,
183,10,1,2,3,2,6,2,1,1,739,6.605297921,0,
183,11,1,2,3,2,6,2,1,2,739,6.605297921,0,
183,12,1,2,3,2,6,2,1,1,731,6.59441346,0,
183,13,1,2,3,2,6,2,1,1,725,6.586171655,0,
183,14,1,2,3,2,6,2,1,2,711,6.56667243,0,
183,15,1,2,3,2,6,2,1,1,682,6.525029658,0,
184,1,1,2,0,1,6,2,1,1,838,6.7310181,0,
184,2,1,2,0,1,6,2,1,1,820,6.70930434,0,
184,3,1,2,0,1,6,2,1,1,791,6.673297968,0,
184,4,1,2,0,1,6,2,1,1,785,6.665683718,0,
184,5,1,2,0,1,6,2,1,1,779,6.658011046,0,
184,6,1,2,0,1,6,2,1,1,773,6.650279049,0,
184,7,1,2,0,1,6,2,1,1,763,6.637258031,0,
184,8,1,2,0,1,6,2,1,1,761,6.634633358,0,
184,9,1,2,0,1,6,2,1,1,752,6.622736324,0,
184,10,1,2,0,1,6,2,1,1,747,6.616065185,0,
184,11,1,2,0,1,6,2,1,1,746,6.6147256,0,
184,12,1,2,0,1,6,2,1,1,738,6.603943825,0,
184,13,1,2,0,1,6,2,1,1,737,6.602587892,0,
184,14,1,2,0,1,6,2,1,1,737,6.602587892,0,
184,15,1,2,0,1,6,2,1,1,734,6.598509029,0,
184,16,1,2,0,1,6,2,1,1,730,6.593044534,0,
184,17,1,2,0,1,6,2,1,1,730,6.593044534,0,
184,18,1,2,0,1,6,2,1,1,722,6.582025139,0,
184,19,1,2,0,1,6,2,1,1,610,6.413458957,0,
185,1,1,2,3,2,6,2,1,3,1023,6.930494766,1,
185,2,1,2,3,2,6,2,1,3,985,6.892641641,0,
185,3,1,2,3,2,6,2,1,3,972,6.879355804,0,
185,4,1,2,3,2,6,2,1,3,959,6.865891075,0,
185,5,1,2,3,2,6,2,1,3,955,6.86171134,0,
185,6,1,2,3,2,6,2,1,3,936,6.841615476,0,
185,7,1,2,3,2,6,2,1,3,925,6.829793738,0,
185,8,1,2,3,2,6,2,1,3,915,6.818924065,0,
185,9,1,2,3,2,6,2,1,2,910,6.8134446,0,
185,10,1,2,3,2,6,2,1,2,898,6.800170068,0,
185,11,1,2,3,2,6,2,1,3,883,6.783325201,0,
185,12,1,2,3,2,6,2,1,3,882,6.782192056,0,
185,13,1,2,3,2,6,2,1,3,872,6.770789424,0,
185,14,1,2,3,2,6,2,1,3,857,6.753437919,0,
185,15,1,2,3,2,6,2,1,2,836,6.728628613,0,
185,16,1,2,3,2,6,2,1,3,835,6.727431725,0,
185,17,1,2,3,2,6,2,1,3,814,6.701960366,0,
185,18,1,2,3,2,6,2,1,2,808,6.694562059,0,
185,19,1,2,3,2,6,2,1,2,801,6.685860947,0,
185,20,1,2,3,2,6,2,1,2,799,6.683360946,0,
185,21,1,2,3,2,6,2,1,1,787,6.668228248,0,
185,22,1,2,3,2,6,2,1,1,780,6.65929392,0,
185,23,1,2,3,2,6,2,1,2,774,6.651571874,0,
185,24,1,2,3,2,6,2,1,3,772,6.64898455,0,
185,25,1,2,3,2,6,2,1,1,757,6.629363253,0,
185,26,1,2,3,2,6,2,1,1,752,6.622736324,0,
185,27,1,2,3,2,6,2,1,1,752,6.622736324,0,
185,28,1,2,3,2,6,2,1,1,720,6.579251212,0,
185,29,1,2,3,2,6,2,1,1,713,6.56948142,0,
185,30,1,2,3,2,6,2,1,1,708,6.562444094,0,
185,31,1,2,3,2,6,2,1,1,707,6.561030666,0,
185,32,1,2,3,2,6,2,1,1,706,6.559615237,0,
185,33,1,2,3,2,6,2,1,1,702,6.553933404,0,
185,34,1,2,3,2,6,2,1,1,698,6.548219103,0,
185,35,1,2,3,2,6,2,1,1,692,6.539585956,0,
185,36,1,2,3,2,6,2,1,1,683,6.52649486,0,
185,37,1,2,3,2,6,2,1,1,682,6.525029658,0,
185,38,1,2,3,2,6,2,1,1,680,6.522092798,0,
185,39,1,2,3,2,6,2,1,1,665,6.499787041,0,
185,40,1,2,3,2,6,2,1,1,658,6.489204931,0,
185,41,1,2,3,2,6,2,1,1,639,6.459904454,0,
185,42,1,2,3,2,6,2,1,1,622,6.432940093,0,
185,43,1,2,3,2,6,2,1,3,613,6.418364936,0,
186,1,1,2,0,1,5,2,1,2,1205,7.094234846,1,
186,2,1,2,0,1,5,2,1,3,1121,7.021976423,1,
186,3,1,2,0,1,5,2,1,3,1099,7.002155954,1,
186,4,1,2,0,1,5,2,1,3,1099,7.002155954,1,
186,5,1,2,0,1,5,2,1,2,1092,6.995766156,1,
186,6,1,2,0,1,5,2,1,3,1086,6.9902565,1,
186,7,1,2,0,1,5,2,1,2,1075,6.980075941,1,
186,8,1,2,0,1,5,2,1,2,1069,6.974478911,1,
186,9,1,2,0,1,5,2,1,2,1067,6.972606251,1,
186,10,1,2,0,1,5,2,1,2,1045,6.951772164,1,
186,11,1,2,0,1,5,2,1,2,1045,6.951772164,1,
186,12,1,2,0,1,5,2,1,2,1019,6.926577033,1,
186,13,1,2,0,1,5,2,1,3,1010,6.91770561,1,
186,14,1,2,0,1,5,2,1,2,1010,6.91770561,1,
186,15,1,2,0,1,5,2,1,2,1009,6.91671502,1,
186,16,1,2,0,1,5,2,1,2,982,6.889591308,0,
186,17,1,2,0,1,5,2,1,3,976,6.883462586,0,
186,18,1,2,0,1,5,2,1,2,975,6.882437471,0,
186,19,1,2,0,1,5,2,1,3,970,6.877296071,0,
186,20,1,2,0,1,5,2,1,2,967,6.874198495,0,
186,21,1,2,0,1,5,2,1,2,956,6.862757913,0,
186,22,1,2,0,1,5,2,1,3,949,6.855408799,0,
186,23,1,2,0,1,5,2,1,2,948,6.854354502,0,
186,24,1,2,0,1,5,2,1,2,935,6.840546529,0,
186,25,1,2,0,1,5,2,1,3,887,6.787844982,0,
186,26,1,2,0,1,5,2,1,2,872,6.770789424,0,
186,27,1,2,0,1,5,2,1,1,867,6.765038977,0,
186,28,1,2,0,1,5,2,1,2,845,6.739336627,0,
186,29,1,2,0,1,5,2,1,2,844,6.738152495,0,
186,30,1,2,0,1,5,2,1,2,805,6.690842277,0,
186,31,1,2,0,1,5,2,1,1,752,6.622736324,0,
186,32,1,2,0,1,5,2,1,1,749,6.618738984,0,
186,33,1,2,0,1,5,2,1,1,629,6.444131257,0,
187,1,1,2,3,2,5,2,1,2,1005,6.91274282,1,
187,2,1,2,3,2,5,2,1,2,984,6.891625897,0,
187,3,1,2,3,2,5,2,1,2,921,6.825460036,0,
187,4,1,2,3,2,5,2,1,2,916,6.820016365,0,
187,5,1,2,3,2,5,2,1,2,908,6.811244379,0,
187,6,1,2,3,2,5,2,1,2,901,6.803505258,0,
187,7,1,2,3,2,5,2,1,2,893,6.794586581,0,
187,8,1,2,3,2,5,2,1,2,881,6.781057626,0,
187,9,1,2,3,2,5,2,1,2,881,6.781057626,0,
187,10,1,2,3,2,5,2,1,2,872,6.770789424,0,
187,11,1,2,3,2,5,2,1,2,872,6.770789424,0,
187,12,1,2,3,2,5,2,1,2,859,6.755768922,0,
187,13,1,2,3,2,5,2,1,2,858,6.754604099,0,
187,14,1,2,3,2,5,2,1,2,852,6.747586527,0,
187,15,1,2,3,2,5,2,1,2,852,6.747586527,0,
187,16,1,2,3,2,5,2,1,2,852,6.747586527,0,
187,17,1,2,3,2,5,2,1,2,849,6.744059186,0,
187,18,1,2,3,2,5,2,1,2,846,6.74051936,0,
187,19,1,2,3,2,5,2,1,2,843,6.736966958,0,
187,20,1,2,3,2,5,2,1,2,841,6.73459166,0,
187,21,1,2,3,2,5,2,1,2,839,6.732210706,0,
187,22,1,2,3,2,5,2,1,2,833,6.725033642,0,
187,23,1,2,3,2,5,2,1,2,833,6.725033642,0,
187,24,1,2,3,2,5,2,1,2,833,6.725033642,0,
187,25,1,2,3,2,5,2,1,1,830,6.721425701,0,
187,26,1,2,3,2,5,2,1,2,823,6.712956201,0,
187,27,1,2,3,2,5,2,1,2,820,6.70930434,0,
187,28,1,2,3,2,5,2,1,2,820,6.70930434,0,
187,29,1,2,3,2,5,2,1,2,815,6.703188113,0,
187,30,1,2,3,2,5,2,1,2,814,6.701960366,0,
187,31,1,2,3,2,5,2,1,2,813,6.70073111,0,
187,32,1,2,3,2,5,2,1,2,808,6.694562059,0,
187,33,1,2,3,2,5,2,1,1,796,6.679599186,0,
187,34,1,2,3,2,5,2,1,2,787,6.668228248,0,
187,35,1,2,3,2,5,2,1,2,786,6.666956792,0,
187,36,1,2,3,2,5,2,1,2,781,6.66057515,0,
187,37,1,2,3,2,5,2,1,1,776,6.65415252,0,
187,38,1,2,3,2,5,2,1,2,773,6.650279049,0,
187,39,1,2,3,2,5,2,1,2,769,6.64509097,0,
187,40,1,2,3,2,5,2,1,1,769,6.64509097,0,
187,41,1,2,3,2,5,2,1,2,766,6.64118217,0,
187,42,1,2,3,2,5,2,1,2,765,6.639875834,0,
187,43,1,2,3,2,5,2,1,2,757,6.629363253,0,
187,44,1,2,3,2,5,2,1,2,752,6.622736324,0,
187,45,1,2,3,2,5,2,1,1,751,6.621405652,0,
187,46,1,2,3,2,5,2,1,1,657,6.487684018,0,
187,47,1,2,3,2,5,2,1,1,632,6.448889394,0,
188,1,1,2,3,2,5,2,1,3,1128,7.028201432,1,
188,2,1,2,3,2,5,2,1,3,1069,6.974478911,1,
188,3,1,2,3,2,5,2,1,3,1065,6.970730078,1,
188,4,1,2,3,2,5,2,1,2,1033,6.940222469,1,
188,5,1,2,3,2,5,2,1,3,1017,6.924612396,1,
188,6,1,2,3,2,5,2,1,3,1000,6.907755279,0,
188,7,1,2,3,2,5,2,1,3,990,6.897704943,0,
188,8,1,2,3,2,5,2,1,2,986,6.893656355,0,
188,9,1,2,3,2,5,2,1,2,985,6.892641641,0,
188,10,1,2,3,2,5,2,1,3,982,6.889591308,0,
188,11,1,2,3,2,5,2,1,3,976,6.883462586,0,
188,12,1,2,3,2,5,2,1,2,970,6.877296071,0,
188,13,1,2,3,2,5,2,1,3,938,6.843749949,0,
188,14,1,2,3,2,5,2,1,3,938,6.843749949,0,
188,15,1,2,3,2,5,2,1,2,931,6.836259277,0,
188,16,1,2,3,2,5,2,1,2,920,6.82437367,0,
188,17,1,2,3,2,5,2,1,3,917,6.821107472,0,
188,18,1,2,3,2,5,2,1,3,914,6.817830571,0,
188,19,1,2,3,2,5,2,1,2,911,6.814542897,0,
188,20,1,2,3,2,5,2,1,3,902,6.80461452,0,
188,21,1,2,3,2,5,2,1,3,896,6.797940413,0,
188,22,1,2,3,2,5,2,1,2,891,6.792344427,0,
188,23,1,2,3,2,5,2,1,2,890,6.791221463,0,
188,24,1,2,3,2,5,2,1,3,880,6.779921907,0,
188,25,1,2,3,2,5,2,1,2,874,6.773080376,0,
188,26,1,2,3,2,5,2,1,3,870,6.768493212,0,
188,27,1,2,3,2,5,2,1,3,863,6.760414691,0,
188,28,1,2,3,2,5,2,1,2,862,6.759255271,0,
188,29,1,2,3,2,5,2,1,3,862,6.759255271,0,
188,30,1,2,3,2,5,2,1,2,846,6.74051936,0,
188,31,1,2,3,2,5,2,1,3,843,6.736966958,0,
188,32,1,2,3,2,5,2,1,2,840,6.733401892,0,
188,33,1,2,3,2,5,2,1,3,826,6.716594774,0,
188,34,1,2,3,2,5,2,1,2,826,6.716594774,0,
188,35,1,2,3,2,5,2,1,2,818,6.706862337,0,
188,36,1,2,3,2,5,2,1,1,812,6.69950034,0,
188,37,1,2,3,2,5,2,1,2,809,6.695798917,0,
188,38,1,2,3,2,5,2,1,3,808,6.694562059,0,
188,39,1,2,3,2,5,2,1,1,806,6.692083743,0,
188,40,1,2,3,2,5,2,1,3,789,6.670766321,0,
188,41,1,2,3,2,5,2,1,2,789,6.670766321,0,
188,42,1,2,3,2,5,2,1,2,782,6.661854741,0,
188,43,1,2,3,2,5,2,1,2,782,6.661854741,0,
188,44,1,2,3,2,5,2,1,1,762,6.635946556,0,
188,45,1,2,3,2,5,2,1,2,754,6.625392368,0,
188,46,1,2,3,2,5,2,1,1,749,6.618738984,0,
188,47,1,2,3,2,5,2,1,1,669,6.50578406,0,
188,48,1,2,3,2,5,2,1,1,664,6.498282149,0,
188,49,1,2,3,2,5,2,1,1,663,6.49677499,0,
189,1,1,2,0,1,6,1,1,3,1258,7.137278437,1,
189,2,1,2,0,1,6,1,1,3,1245,7.126890809,1,
189,3,1,2,0,1,6,1,1,2,1217,7.104144093,1,
189,4,1,2,0,1,6,1,1,3,1209,7.097548851,1,
189,5,1,2,0,1,6,1,1,3,1206,7.095064377,1,
189,6,1,2,0,1,6,1,1,3,1197,7.087573706,1,
189,7,1,2,0,1,6,1,1,2,1193,7.084226422,1,
189,8,1,2,0,1,6,1,1,3,1191,7.082548569,1,
189,9,1,2,0,1,6,1,1,3,1173,7.067319849,1,
189,10,1,2,0,1,6,1,1,3,1163,7.058758153,1,
189,11,1,2,0,1,6,1,1,2,1156,7.052721049,1,
189,12,1,2,0,1,6,1,1,3,1155,7.051855623,1,
189,13,1,2,0,1,6,1,1,2,1087,6.991176887,1,
189,14,1,2,0,1,6,1,1,2,1002,6.909753282,1,
189,15,1,2,0,1,6,1,1,2,999,6.906754779,0,
189,16,1,2,0,1,6,1,1,1,896,6.797940413,0,
189,17,1,2,0,1,6,1,1,2,887,6.787844982,0,
189,18,1,2,0,1,6,1,1,1,879,6.778784898,0,
189,19,1,2,0,1,6,1,1,1,873,6.771935556,0,
189,20,1,2,0,1,6,1,1,1,817,6.705639095,0,
189,21,1,2,0,1,6,1,1,1,815,6.703188113,0,
189,22,1,2,0,1,6,1,1,1,766,6.64118217,0,
189,23,1,2,0,1,6,1,1,1,760,6.633318433,0,
189,24,1,2,0,1,6,1,1,1,737,6.602587892,0,
189,25,1,2,0,1,6,1,1,1,735,6.599870499,0,
189,26,1,2,0,1,6,1,1,1,731,6.59441346,0,
189,27,1,2,0,1,6,1,1,1,717,6.575075841,0,
189,28,1,2,0,1,6,1,1,1,694,6.542471961,0,
190,1,1,2,0,1,6,2,1,2,996,6.903747258,0,
190,2,1,2,0,1,6,2,1,2,984,6.891625897,0,
190,3,1,2,0,1,6,2,1,2,981,6.88857246,0,
190,4,1,2,0,1,6,2,1,2,976,6.883462586,0,
190,5,1,2,0,1,6,2,1,2,968,6.875232087,0,
190,6,1,2,0,1,6,1,1,2,963,6.870053412,0,
190,7,1,2,0,1,6,1,1,2,961,6.867974409,0,
190,8,1,2,0,1,6,2,1,2,946,6.852242569,0,
190,9,1,2,0,1,6,1,1,2,936,6.841615476,0,
190,10,1,2,0,1,6,1,1,2,923,6.827629235,0,
190,11,1,2,0,1,6,1,1,2,922,6.826545224,0,
190,12,1,2,0,1,6,2,1,2,915,6.818924065,0,
190,13,1,2,0,1,6,1,1,2,908,6.811244379,0,
190,14,1,2,0,1,6,2,1,2,905,6.807934944,0,
190,15,1,2,0,1,6,1,1,2,899,6.801283034,0,
190,16,1,2,0,1,6,1,1,2,898,6.800170068,0,
190,17,1,2,0,1,6,2,1,2,897,6.799055862,0,
190,18,1,2,0,1,6,1,1,2,895,6.796823718,0,
190,19,1,2,0,1,6,2,1,2,895,6.796823718,0,
190,20,1,2,0,1,6,2,1,2,889,6.790097236,0,
190,21,1,2,0,1,6,2,1,1,886,6.786716951,0,
190,22,1,2,0,1,6,1,1,2,882,6.782192056,0,
190,23,1,2,0,1,6,2,1,2,872,6.770789424,0,
190,24,1,2,0,1,6,1,1,2,867,6.765038977,0,
190,25,1,2,0,1,6,2,1,2,862,6.759255271,0,
190,26,1,2,0,1,6,2,1,1,840,6.733401892,0,
190,27,1,2,0,1,6,2,1,1,829,6.720220155,0,
190,28,1,2,0,1,6,2,1,1,824,6.71417053,0,
190,29,1,2,0,1,6,1,1,1,822,6.711740395,0,
190,30,1,2,0,1,6,2,1,1,822,6.711740395,0,
190,31,1,2,0,1,6,2,1,1,822,6.711740395,0,
190,32,1,2,0,1,6,1,1,1,821,6.710523109,0,
190,33,1,2,0,1,6,1,1,1,819,6.708084084,0,
190,34,1,2,0,1,6,1,1,1,810,6.697034248,0,
190,35,1,2,0,1,6,1,1,1,807,6.693323668,0,
190,36,1,2,0,1,6,2,1,1,807,6.693323668,0,
190,37,1,2,0,1,6,2,1,1,805,6.690842277,0,
190,38,1,2,0,1,6,1,1,2,802,6.687108608,0,
190,39,1,2,0,1,6,2,1,1,798,6.682108597,0,
190,40,1,2,0,1,6,2,1,1,793,6.675823222,0,
190,41,1,2,0,1,6,2,1,1,785,6.665683718,0,
190,42,1,2,0,1,6,1,1,1,782,6.661854741,0,
190,43,1,2,0,1,6,1,1,1,775,6.652863029,0,
190,44,1,2,0,1,6,2,1,2,775,6.652863029,0,
190,45,1,2,0,1,6,2,1,1,775,6.652863029,0,
190,46,1,2,0,1,6,2,1,1,766,6.64118217,0,
190,47,1,2,0,1,6,2,1,1,759,6.632001777,0,
190,48,1,2,0,1,6,2,1,1,747,6.616065185,0,
190,49,1,2,0,1,6,2,1,1,738,6.603943825,0,
190,50,1,2,0,1,6,2,1,1,710,6.56526497,0,
190,51,1,2,0,1,6,2,1,1,652,6.480044562,0,
191,1,1,2,3,2,6,2,1,3,1256,7.135687347,1,
191,2,1,2,3,2,6,2,1,3,1250,7.13089883,1,
191,3,1,2,3,2,6,2,1,3,1204,7.093404626,1,
191,4,1,2,3,2,6,2,1,3,1202,7.091742115,1,
191,5,1,2,3,2,6,2,1,3,1194,7.085064294,1,
191,6,1,2,3,2,6,2,1,3,1143,7.041411664,1,
191,7,1,2,3,2,6,2,1,3,1127,7.027314514,1,
191,8,1,2,3,2,6,2,1,3,1123,7.023758955,1,
191,9,1,2,3,2,6,2,1,3,1122,7.022868086,1,
191,10,1,2,3,2,6,2,1,3,1119,7.020190708,1,
191,11,1,2,3,2,6,2,1,3,1103,7.005789019,1,
191,12,1,2,3,2,6,2,1,3,1081,6.985641818,1,
191,13,1,2,3,2,6,2,1,3,1079,6.983789965,1,
191,14,1,2,3,2,6,2,1,3,1060,6.966024187,1,
191,15,1,2,3,2,6,2,1,3,1050,6.956545443,1,
191,16,1,2,3,2,6,2,1,3,1048,6.954638865,1,
191,17,1,2,3,2,6,2,1,3,1040,6.946975992,1,
191,18,1,2,3,2,6,2,1,2,1029,6.936342736,1,
191,19,1,2,3,2,6,2,1,3,1022,6.929516771,1,
191,20,1,2,3,2,6,2,1,3,998,6.905753276,0,
191,21,1,2,3,2,6,2,1,3,988,6.895682698,0,
191,22,1,2,3,2,6,2,1,3,980,6.887552572,0,
191,23,1,2,3,2,6,2,1,3,952,6.858565035,0,
191,24,1,2,3,2,6,2,1,3,927,6.831953566,0,
191,25,1,2,3,2,6,2,1,3,922,6.826545224,0,
191,26,1,2,3,2,6,2,1,2,877,6.776506992,0,
191,27,1,2,3,2,6,2,1,3,643,6.466144724,0,
192,1,1,2,3,2,6,2,1,2,916,6.820016365,0,
192,2,1,2,3,2,6,2,1,2,878,6.777646594,0,
192,3,1,2,3,2,6,2,1,2,843,6.736966958,0,
192,4,1,2,3,2,6,2,1,2,836,6.728628613,0,
192,5,1,2,3,2,6,2,1,1,831,6.722629795,0,
192,6,1,2,3,2,6,2,1,1,806,6.692083743,0,
192,7,1,2,3,2,6,2,1,1,801,6.685860947,0,
192,8,1,2,3,2,6,2,1,2,794,6.677083461,0,
192,9,1,2,3,2,6,2,1,1,787,6.668228248,0,
192,10,1,2,3,2,6,2,1,2,782,6.661854741,0,
192,11,1,2,3,2,6,2,1,2,782,6.661854741,0,
192,12,1,2,3,2,6,2,1,1,782,6.661854741,0,
192,13,1,2,3,2,6,2,1,1,779,6.658011046,0,
192,14,1,2,3,2,6,2,1,2,753,6.624065228,0,
192,15,1,2,3,2,6,2,1,2,752,6.622736324,0,
192,16,1,2,3,2,6,2,1,2,747,6.616065185,0,
192,17,1,2,3,2,6,2,1,1,731,6.59441346,0,
192,18,1,2,3,2,6,2,1,2,720,6.579251212,0,
192,19,1,2,3,2,6,2,1,2,720,6.579251212,0,
192,20,1,2,3,2,6,2,1,1,675,6.514712691,0,
192,21,1,2,3,2,6,2,1,1,670,6.507277712,0,
192,22,1,2,3,2,6,2,1,2,662,6.495265556,0,
192,23,1,2,3,2,6,2,1,1,635,6.453624999,0,
193,1,1,2,3,2,6,2,1,3,1011,6.918695219,1,
193,2,1,2,3,2,6,2,1,2,968,6.875232087,0,
193,3,1,2,3,2,6,2,1,2,966,6.873163834,0,
193,4,1,2,3,2,6,2,1,3,965,6.872128101,0,
193,5,1,2,3,2,6,2,1,2,961,6.867974409,0,
193,6,1,2,3,2,6,2,1,3,948,6.854354502,0,
193,7,1,2,3,2,6,2,1,2,945,6.851184927,0,
193,8,1,2,3,2,6,2,1,3,922,6.826545224,0,
193,9,1,2,3,2,6,2,1,3,902,6.80461452,0,
193,10,1,2,3,2,6,2,1,3,901,6.803505258,0,
193,11,1,2,3,2,6,2,1,3,897,6.799055862,0,
193,12,1,2,3,2,6,2,1,2,895,6.796823718,0,
193,13,1,2,3,2,6,2,1,2,882,6.782192056,0,
193,14,1,2,3,2,6,2,1,2,873,6.771935556,0,
193,15,1,2,3,2,6,2,1,3,866,6.763884909,0,
193,16,1,2,3,2,6,2,1,3,864,6.761572769,0,
193,17,1,2,3,2,6,2,1,3,857,6.753437919,0,
193,18,1,2,3,2,6,2,1,3,856,6.752270376,0,
193,19,1,2,3,2,6,2,1,3,851,6.746412129,0,
193,20,1,2,3,2,6,2,1,2,851,6.746412129,0,
193,21,1,2,3,2,6,2,1,3,843,6.736966958,0,
193,22,1,2,3,2,6,2,1,3,843,6.736966958,0,
193,23,1,2,3,2,6,2,1,2,839,6.732210706,0,
193,24,1,2,3,2,6,2,1,2,836,6.728628613,0,
193,25,1,2,3,2,6,2,1,2,830,6.721425701,0,
193,26,1,2,3,2,6,2,1,3,829,6.720220155,0,
193,27,1,2,3,2,6,2,1,3,823,6.712956201,0,
193,28,1,2,3,2,6,2,1,2,812,6.69950034,0,
193,29,1,2,3,2,6,2,1,1,802,6.687108608,0,
193,30,1,2,3,2,6,2,1,2,797,6.680854679,0,
193,31,1,2,3,2,6,2,1,2,795,6.678342115,0,
193,32,1,2,3,2,6,2,1,2,793,6.675823222,0,
193,33,1,2,3,2,6,2,1,3,791,6.673297968,0,
193,34,1,2,3,2,6,2,1,2,787,6.668228248,0,
193,35,1,2,3,2,6,2,1,2,786,6.666956792,0,
193,36,1,2,3,2,6,2,1,2,784,6.66440902,0,
193,37,1,2,3,2,6,2,1,3,774,6.651571874,0,
193,38,1,2,3,2,6,2,1,3,771,6.647688374,0,
193,39,1,2,3,2,6,2,1,2,771,6.647688374,0,
193,40,1,2,3,2,6,2,1,3,766,6.64118217,0,
193,41,1,2,3,2,6,2,1,1,749,6.618738984,0,
193,42,1,2,3,2,6,2,1,2,746,6.6147256,0,
193,43,1,2,3,2,6,2,1,1,746,6.6147256,0,
193,44,1,2,3,2,6,2,1,2,740,6.606650186,0,
193,45,1,2,3,2,6,2,1,2,734,6.598509029,0,
193,46,1,2,3,2,6,2,1,2,733,6.597145702,0,
193,47,1,2,3,2,6,2,1,2,685,6.529418838,0,
193,48,1,2,3,2,6,2,1,2,675,6.514712691,0,
194,1,1,2,3,2,6,2,1,3,1030,6.937314081,1,
194,2,1,2,3,2,6,2,1,3,942,6.848005275,0,
194,3,1,2,3,2,6,2,1,2,906,6.809039306,0,
194,4,1,2,3,2,6,2,1,3,892,6.793466133,0,
194,5,1,2,3,2,6,2,1,3,892,6.793466133,0,
194,6,1,2,3,2,6,2,1,3,888,6.788971743,0,
194,7,1,2,3,2,6,2,1,3,872,6.770789424,0,
194,8,1,2,3,2,6,2,1,2,870,6.768493212,0,
194,9,1,2,3,2,6,2,1,2,853,6.748759547,0,
194,10,1,2,3,2,6,2,1,2,839,6.732210706,0,
194,11,1,2,3,2,6,2,1,2,754,6.625392368,0,
195,1,1,2,3,2,5,2,1,3,1155,7.051855623,1,
195,2,1,2,3,2,5,2,1,3,1094,6.997595983,1,
195,3,1,2,3,2,5,2,1,3,987,6.894670039,0,
195,4,1,2,3,2,5,2,1,3,975,6.882437471,0,
195,5,1,2,3,2,5,2,1,3,935,6.840546529,0,
195,6,1,2,3,2,5,2,1,3,934,6.839476438,0,
195,7,1,2,3,2,5,2,1,3,931,6.836259277,0,
195,8,1,2,3,2,5,2,1,3,885,6.785587645,0,
195,9,1,2,3,2,5,2,1,3,885,6.785587645,0,
195,10,1,2,3,2,5,2,1,3,866,6.763884909,0,
195,11,1,2,3,2,5,2,1,2,849,6.744059186,0,
195,12,1,2,3,2,5,2,1,2,839,6.732210706,0,
195,13,1,2,3,2,5,2,1,3,829,6.720220155,0,
195,14,1,2,3,2,5,2,1,3,778,6.656726524,0,
195,15,1,2,3,2,5,2,1,1,778,6.656726524,0,
195,16,1,2,3,2,5,2,1,2,765,6.639875834,0,
195,17,1,2,3,2,5,2,1,2,754,6.625392368,0,
195,18,1,2,3,2,5,2,1,2,752,6.622736324,0,
195,19,1,2,3,2,5,2,1,1,752,6.622736324,0,
195,20,1,2,3,2,5,2,1,2,743,6.610696045,0,
195,21,1,2,3,2,5,2,1,2,730,6.593044534,0,
195,22,1,2,3,2,5,2,1,2,708,6.562444094,0,
195,23,1,2,3,2,5,2,1,1,671,6.508769137,0,
195,24,1,2,3,2,5,2,1,1,607,6.408528791,0,
196,1,1,2,3,2,5,2,1,3,1056,6.962243464,1,
196,2,1,2,3,2,5,2,1,3,1032,6.939253946,1,
196,3,1,2,3,2,5,2,1,3,1011,6.918695219,1,
196,4,1,2,3,2,5,2,1,3,999,6.906754779,0,
196,5,1,2,3,2,5,2,1,2,992,6.899723107,0,
196,6,1,2,3,2,5,2,1,3,945,6.851184927,0,
196,7,1,2,3,2,5,2,1,2,940,6.845879875,0,
196,8,1,2,3,2,5,2,1,3,938,6.843749949,0,
196,9,1,2,3,2,5,2,1,3,912,6.81563999,0,
196,10,1,2,3,2,5,2,1,2,909,6.812345094,0,
196,11,1,2,3,2,5,2,1,3,909,6.812345094,0,
196,12,1,2,3,2,5,2,1,3,904,6.80682936,0,
196,13,1,2,3,2,5,2,1,3,895,6.796823718,0,
196,14,1,2,3,2,5,2,1,2,895,6.796823718,0,
196,15,1,2,3,2,5,2,1,2,882,6.782192056,0,
196,16,1,2,3,2,5,2,1,2,880,6.779921907,0,
196,17,1,2,3,2,5,2,1,2,880,6.779921907,0,
196,18,1,2,3,2,5,2,1,3,879,6.778784898,0,
196,19,1,2,3,2,5,2,1,3,879,6.778784898,0,
196,20,1,2,3,2,5,2,1,2,878,6.777646594,0,
196,21,1,2,3,2,5,2,1,2,878,6.777646594,0,
196,22,1,2,3,2,5,2,1,2,877,6.776506992,0,
196,23,1,2,3,2,5,2,1,2,868,6.766191715,0,
196,24,1,2,3,2,5,2,1,3,867,6.765038977,0,
196,25,1,2,3,2,5,2,1,3,863,6.760414691,0,
196,26,1,2,3,2,5,2,1,2,852,6.747586527,0,
196,27,1,2,3,2,5,2,1,3,846,6.74051936,0,
196,28,1,2,3,2,5,2,1,3,841,6.73459166,0,
196,29,1,2,3,2,5,2,1,3,834,6.726233402,0,
196,30,1,2,3,2,5,2,1,2,834,6.726233402,0,
196,31,1,2,3,2,5,2,1,2,818,6.706862337,0,
196,32,1,2,3,2,5,2,1,2,807,6.693323668,0,
196,33,1,2,3,2,5,2,1,3,804,6.689599269,0,
196,34,1,2,3,2,5,2,1,2,800,6.684611728,0,
196,35,1,2,3,2,5,2,1,2,800,6.684611728,0,
196,36,1,2,3,2,5,2,1,3,782,6.661854741,0,
196,37,1,2,3,2,5,2,1,2,781,6.66057515,0,
196,38,1,2,3,2,5,2,1,2,779,6.658011046,0,
196,39,1,2,3,2,5,2,1,3,777,6.65544035,0,
196,40,1,2,3,2,5,2,1,3,764,6.638567789,0,
196,41,1,2,3,2,5,2,1,3,760,6.633318433,0,
196,42,1,2,3,2,5,2,1,1,741,6.608000625,0,
196,43,1,2,3,2,5,2,1,1,731,6.59441346,0,
196,44,1,2,3,2,5,2,1,2,728,6.590301048,0,
196,45,1,2,3,2,5,2,1,1,726,6.587550015,0,
196,46,1,2,3,2,5,2,1,3,723,6.583409222,0,
196,47,1,2,3,2,5,2,1,2,718,6.576469569,0,
196,48,1,2,3,2,5,2,1,1,717,6.575075841,0,
196,49,1,2,3,2,5,2,1,2,717,6.575075841,0,
196,50,1,2,3,2,5,2,1,1,699,6.549650742,0,
196,51,1,2,3,2,5,2,1,1,692,6.539585956,0,
196,52,1,2,3,2,5,2,1,1,692,6.539585956,0,
196,53,1,2,3,2,5,2,1,1,682,6.525029658,0,
197,1,1,2,3,2,6,1,1,1,927,6.831953566,0,
197,2,1,2,3,2,6,1,1,1,911,6.814542897,0,
197,3,1,2,3,2,6,1,1,1,905,6.807934944,0,
197,4,1,2,3,2,6,1,1,1,892,6.793466133,0,
197,5,1,2,3,2,6,1,1,1,886,6.786716951,0,
197,6,1,2,3,2,6,1,1,1,869,6.767343125,0,
197,7,1,2,3,2,6,1,1,1,841,6.73459166,0,
197,8,1,2,3,2,6,1,1,1,836,6.728628613,0,
197,9,1,2,3,2,6,1,1,1,811,6.698268054,0,
198,1,1,2,3,2,6,1,1,3,1251,7.13169851,1,
198,2,1,2,3,2,6,2,1,2,1223,7.109062136,1,
198,3,1,2,3,2,6,1,1,3,1197,7.087573706,1,
198,4,1,2,3,2,6,2,1,2,1181,7.074116816,1,
198,5,1,2,3,2,6,2,1,2,1180,7.073269717,1,
198,6,1,2,3,2,6,2,1,2,1058,6.964135612,1,
198,7,1,2,3,2,6,1,1,2,1030,6.937314081,1,
198,8,1,2,3,2,6,2,1,2,1030,6.937314081,1,
198,9,1,2,3,2,6,1,1,2,967,6.874198495,0,
198,10,1,2,3,2,6,2,1,2,932,6.837332815,0,
198,11,1,2,3,2,6,2,1,2,838,6.7310181,0,
198,12,1,2,3,2,6,2,1,1,797,6.680854679,0,
198,13,1,2,3,2,6,2,1,1,772,6.64898455,0,
198,14,1,2,3,2,6,2,1,1,769,6.64509097,0,
198,15,1,2,3,2,6,2,1,1,750,6.620073207,0,
198,16,1,2,3,2,6,2,1,1,747,6.616065185,0,
198,17,1,2,3,2,6,1,1,2,739,6.605297921,0,
198,18,1,2,3,2,6,2,1,1,739,6.605297921,0,
198,19,1,2,3,2,6,2,1,1,728,6.590301048,0,
198,20,1,2,3,2,6,2,1,2,726,6.587550015,0,
198,21,1,2,3,2,6,2,1,1,723,6.583409222,0,
198,22,1,2,3,2,6,2,1,1,715,6.572282543,0,
198,23,1,2,3,2,6,2,1,1,713,6.56948142,0,
199,1,1,2,3,2,6,2,1,3,1156,7.052721049,1,
199,2,1,2,3,2,6,2,1,3,1145,7.043159916,1,
199,3,1,2,3,2,6,2,1,3,1136,7.035268599,1,
199,4,1,2,3,2,6,2,1,3,1076,6.981005741,1,
199,5,1,2,3,2,6,2,1,3,1053,6.959398512,1,
199,6,1,2,3,2,6,2,1,3,1018,6.925595197,1,
199,7,1,2,3,2,6,2,1,3,1010,6.91770561,1,
199,8,1,2,3,2,6,2,1,3,998,6.905753276,0,
199,9,1,2,3,2,6,2,1,3,992,6.899723107,0,
199,10,1,2,3,2,6,2,1,2,975,6.882437471,0,
199,11,1,2,3,2,6,2,1,2,971,6.878326468,0,
199,12,1,2,3,2,6,2,1,3,966,6.873163834,0,
199,13,1,2,3,2,6,2,1,2,955,6.86171134,0,
199,14,1,2,3,2,6,2,1,3,950,6.856461985,0,
199,15,1,2,3,2,6,2,1,3,950,6.856461985,0,
199,16,1,2,3,2,6,2,1,3,946,6.852242569,0,
199,17,1,2,3,2,6,2,1,3,936,6.841615476,0,
199,18,1,2,3,2,6,2,1,2,934,6.839476438,0,
199,19,1,2,3,2,6,2,1,3,917,6.821107472,0,
199,20,1,2,3,2,6,2,1,3,912,6.81563999,0,
199,21,1,2,3,2,6,2,1,2,910,6.8134446,0,
199,22,1,2,3,2,6,2,1,2,900,6.802394763,0,
199,23,1,2,3,2,6,2,1,2,899,6.801283034,0,
199,24,1,2,3,2,6,2,1,2,882,6.782192056,0,
199,25,1,2,3,2,6,2,1,2,870,6.768493212,0,
199,26,1,2,3,2,6,2,1,2,865,6.762729507,0,
199,27,1,2,3,2,6,2,1,2,864,6.761572769,0,
199,28,1,2,3,2,6,2,1,2,841,6.73459166,0,
199,29,1,2,3,2,6,2,1,2,840,6.733401892,0,
199,30,1,2,3,2,6,2,1,2,836,6.728628613,0,
199,31,1,2,3,2,6,2,1,2,830,6.721425701,0,
199,32,1,2,3,2,6,2,1,2,823,6.712956201,0,
199,33,1,2,3,2,6,2,1,2,800,6.684611728,0,
199,34,1,2,3,2,6,2,1,1,770,6.646390515,0,
199,35,1,2,3,2,6,2,1,3,765,6.639875834,0,
199,36,1,2,3,2,6,2,1,1,731,6.59441346,0,
199,37,1,2,3,2,6,2,1,1,727,6.588926478,0,
199,38,1,2,3,2,6,2,1,1,725,6.586171655,0,
199,39,1,2,3,2,6,2,1,1,712,6.568077911,0,
199,40,1,2,3,2,6,2,1,1,711,6.56667243,0,
199,41,1,2,3,2,6,2,1,1,634,6.452048954,0,
200,1,1,2,3,2,5,2,1,3,1242,7.124478262,1,
200,2,1,2,3,2,5,2,1,3,1213,7.100851909,1,
200,3,1,2,3,2,5,2,1,3,1199,7.089243155,1,
200,4,1,2,3,2,5,2,1,3,1175,7.069023427,1,
200,5,1,2,3,2,5,2,1,2,1109,7.011213987,1,
200,6,1,2,3,2,5,2,1,2,975,6.882437471,0,
200,7,1,2,3,2,5,2,1,2,954,6.860663671,0,
200,8,1,2,3,2,5,2,1,2,925,6.829793738,0,
200,9,1,2,3,2,5,2,1,2,848,6.742880636,0,
200,10,1,2,3,2,5,2,1,2,841,6.73459166,0,
200,11,1,2,3,2,5,2,1,2,827,6.717804695,0,
200,12,1,2,3,2,5,2,1,1,780,6.65929392,0,
200,13,1,2,3,2,5,2,1,1,768,6.643789733,0,
200,14,1,2,3,2,5,2,1,1,747,6.616065185,0,
200,15,1,2,3,2,5,2,1,1,737,6.602587892,0,
200,16,1,2,3,2,5,2,1,1,735,6.599870499,0,
200,17,1,2,3,2,5,2,1,1,729,6.591673732,0,
200,18,1,2,3,2,5,2,1,1,729,6.591673732,0,
200,19,1,2,3,2,5,2,1,1,717,6.575075841,0,
200,20,1,2,3,2,5,2,1,1,700,6.551080335,0,
200,21,1,2,3,2,5,2,1,1,689,6.535241271,0,
200,22,1,2,3,2,5,2,1,1,667,6.502790046,0,
200,23,1,2,3,2,5,2,1,1,658,6.489204931,0,
200,24,1,2,3,2,5,2,1,1,655,6.484635236,0,
201,1,1,2,3,2,5,2,1,3,1252,7.132497552,1,
201,2,1,2,3,2,5,2,1,3,1218,7.104965448,1,
201,3,1,2,3,2,5,2,1,3,1157,7.053585727,1,
201,4,1,2,3,2,5,2,1,3,1138,7.037027615,1,
201,5,1,2,3,2,5,2,1,3,1114,7.01571242,1,
201,6,1,2,3,2,5,2,1,3,1075,6.980075941,1,
201,7,1,2,3,2,5,2,1,3,1073,6.978213743,1,
201,8,1,2,3,2,5,2,1,3,1060,6.966024187,1,
201,9,1,2,3,2,5,2,1,3,1048,6.954638865,1,
201,10,1,2,3,2,5,2,1,3,1040,6.946975992,1,
201,11,1,2,3,2,5,2,1,3,1008,6.915723449,1,
201,12,1,2,3,2,5,2,1,3,1005,6.91274282,1,
201,13,1,2,3,2,5,2,1,3,999,6.906754779,0,
201,14,1,2,3,2,5,2,1,3,990,6.897704943,0,
201,15,1,2,3,2,5,2,1,3,988,6.895682698,0,
201,16,1,2,3,2,5,2,1,3,970,6.877296071,0,
201,17,1,2,3,2,5,2,1,3,963,6.870053412,0,
201,18,1,2,3,2,5,2,1,3,952,6.858565035,0,
201,19,1,2,3,2,5,2,1,3,952,6.858565035,0,
201,20,1,2,3,2,5,2,1,3,946,6.852242569,0,
201,21,1,2,3,2,5,2,1,2,938,6.843749949,0,
201,22,1,2,3,2,5,2,1,3,923,6.827629235,0,
201,23,1,2,3,2,5,2,1,3,910,6.8134446,0,
201,24,1,2,3,2,5,2,1,3,905,6.807934944,0,
201,25,1,2,3,2,5,2,1,2,887,6.787844982,0,
201,26,1,2,3,2,5,2,1,3,882,6.782192056,0,
201,27,1,2,3,2,5,2,1,3,861,6.758094504,0,
201,28,1,2,3,2,5,2,1,2,851,6.746412129,0,
201,29,1,2,3,2,5,2,1,2,848,6.742880636,0,
201,30,1,2,3,2,5,2,1,2,816,6.704414355,0,
201,31,1,2,3,2,5,2,1,2,814,6.701960366,0,
201,32,1,2,3,2,5,2,1,2,808,6.694562059,0,
201,33,1,2,3,2,5,2,1,1,795,6.678342115,0,
201,34,1,2,3,2,5,2,1,2,794,6.677083461,0,
201,35,1,2,3,2,5,2,1,2,783,6.663132696,0,
201,36,1,2,3,2,5,2,1,1,772,6.64898455,0,
201,37,1,2,3,2,5,2,1,1,767,6.642486801,0,
201,38,1,2,3,2,5,2,1,1,760,6.633318433,0,
201,39,1,2,3,2,5,2,1,1,754,6.625392368,0,
201,40,1,2,3,2,5,2,1,2,748,6.617402978,0,
201,41,1,2,3,2,5,2,1,1,744,6.612041035,0,
201,42,1,2,3,2,5,2,1,1,731,6.59441346,0,
201,43,1,2,3,2,5,2,1,1,716,6.573680167,0,
202,1,1,2,0,1,5,2,1,1,869,6.767343125,0,
202,2,1,2,0,1,5,2,1,1,826,6.716594774,0,
202,3,1,2,0,1,5,2,1,1,817,6.705639095,0,
202,4,1,2,0,1,5,2,1,1,816,6.704414355,0,
202,5,1,2,0,1,5,2,1,1,810,6.697034248,0,
202,6,1,2,0,1,5,2,1,1,810,6.697034248,0,
202,7,1,2,0,1,5,2,1,1,801,6.685860947,0,
202,8,1,2,0,1,5,2,1,1,796,6.679599186,0,
202,9,1,2,0,1,5,2,1,1,790,6.672032945,0,
202,10,1,2,0,1,5,2,1,1,787,6.668228248,0,
202,11,1,2,0,1,5,2,1,1,786,6.666956792,0,
202,12,1,2,0,1,5,2,1,1,781,6.66057515,0,
202,13,1,2,0,1,5,2,1,1,771,6.647688374,0,
202,14,1,2,0,1,5,2,1,1,768,6.643789733,0,
202,15,1,2,0,1,5,2,1,1,767,6.642486801,0,
202,16,1,2,0,1,5,2,1,1,766,6.64118217,0,
202,17,1,2,0,1,5,2,1,1,761,6.634633358,0,
202,18,1,2,0,1,5,2,1,1,760,6.633318433,0,
202,19,1,2,0,1,5,2,1,1,758,6.630683386,0,
202,20,1,2,0,1,5,2,1,1,756,6.628041376,0,
202,21,1,2,0,1,5,2,1,1,752,6.622736324,0,
202,22,1,2,0,1,5,2,1,1,750,6.620073207,0,
202,23,1,2,0,1,5,2,1,1,746,6.6147256,0,
202,24,1,2,0,1,5,2,1,1,745,6.613384218,0,
202,25,1,2,0,1,5,2,1,1,737,6.602587892,0,
202,26,1,2,0,1,5,2,1,1,737,6.602587892,0,
202,27,1,2,0,1,5,2,1,1,737,6.602587892,0,
202,28,1,2,0,1,5,2,1,1,735,6.599870499,0,
202,29,1,2,0,1,5,2,1,1,734,6.598509029,0,
202,30,1,2,0,1,5,2,1,1,731,6.59441346,0,
202,31,1,2,0,1,5,2,1,1,727,6.588926478,0,
202,32,1,2,0,1,5,2,1,1,726,6.587550015,0,
202,33,1,2,0,1,5,2,1,1,725,6.586171655,0,
202,34,1,2,0,1,5,2,1,1,719,6.577861358,0,
202,35,1,2,0,1,5,2,1,1,718,6.576469569,0,
202,36,1,2,0,1,5,2,1,1,716,6.573680167,0,
202,37,1,2,0,1,5,2,1,1,712,6.568077911,0,
202,38,1,2,0,1,5,2,1,1,708,6.562444094,0,
202,39,1,2,0,1,5,2,1,1,705,6.558197803,0,
202,40,1,2,0,1,5,2,1,1,697,6.546785411,0,
202,41,1,2,0,1,5,2,1,1,696,6.54534966,0,
202,42,1,2,0,1,5,2,1,1,695,6.543911846,0,
202,43,1,2,0,1,5,2,1,1,695,6.543911846,0,
202,44,1,2,0,1,5,2,1,1,694,6.542471961,0,
202,45,1,2,0,1,5,2,1,1,686,6.530877628,0,
202,46,1,2,0,1,5,2,1,1,681,6.523562306,0,
202,47,1,2,0,1,5,2,1,1,680,6.522092798,0,
202,48,1,2,0,1,5,2,1,1,675,6.514712691,0,
203,1,1,2,3,2,5,2,1,3,1173,7.067319849,1,
203,2,1,2,3,2,5,2,1,3,1056,6.962243464,1,
203,3,1,2,3,2,5,2,1,3,1025,6.932447892,1,
203,4,1,2,3,2,5,2,1,3,1022,6.929516771,1,
203,5,1,2,3,2,5,2,1,3,1011,6.918695219,1,
203,6,1,2,3,2,5,2,1,3,1010,6.91770561,1,
203,7,1,2,3,2,5,2,1,3,1007,6.914730893,1,
203,8,1,2,3,2,5,2,1,3,1003,6.910750788,1,
203,9,1,2,3,2,5,2,1,3,991,6.898714534,0,
203,10,1,2,3,2,5,2,1,3,984,6.891625897,0,
203,11,1,2,3,2,5,2,1,3,974,6.881411304,0,
203,12,1,2,3,2,5,2,1,3,968,6.875232087,0,
203,13,1,2,3,2,5,2,1,3,940,6.845879875,0,
203,14,1,2,3,2,5,2,1,3,933,6.838405201,0,
203,15,1,2,3,2,5,2,1,3,929,6.834108739,0,
203,16,1,2,3,2,5,2,1,2,928,6.833031733,0,
203,17,1,2,3,2,5,2,1,3,926,6.830874235,0,
203,18,1,2,3,2,5,2,1,3,921,6.825460036,0,
203,19,1,2,3,2,5,2,1,3,918,6.822197391,0,
203,20,1,2,3,2,5,2,1,3,909,6.812345094,0,
203,21,1,2,3,2,5,2,1,3,908,6.811244379,0,
203,22,1,2,3,2,5,2,1,2,907,6.81014245,0,
203,23,1,2,3,2,5,2,1,3,889,6.790097236,0,
203,24,1,2,3,2,5,2,1,2,888,6.788971743,0,
203,25,1,2,3,2,5,2,1,2,865,6.762729507,0,
203,26,1,2,3,2,5,2,1,2,862,6.759255271,0,
203,27,1,2,3,2,5,2,1,3,861,6.758094504,0,
203,28,1,2,3,2,5,2,1,3,860,6.756932389,0,
203,29,1,2,3,2,5,2,1,2,859,6.755768922,0,
203,30,1,2,3,2,5,2,1,2,850,6.745236349,0,
203,31,1,2,3,2,5,2,1,3,850,6.745236349,0,
203,32,1,2,3,2,5,2,1,2,845,6.739336627,0,
203,33,1,2,3,2,5,2,1,2,841,6.73459166,0,
203,34,1,2,3,2,5,2,1,3,836,6.728628613,0,
203,35,1,2,3,2,5,2,1,3,813,6.70073111,0,
203,36,1,2,3,2,5,2,1,2,812,6.69950034,0,
203,37,1,2,3,2,5,2,1,2,801,6.685860947,0,
203,38,1,2,3,2,5,2,1,2,798,6.682108597,0,
203,39,1,2,3,2,5,2,1,2,795,6.678342115,0,
203,40,1,2,3,2,5,2,1,1,789,6.670766321,0,
203,41,1,2,3,2,5,2,1,2,779,6.658011046,0,
203,42,1,2,3,2,5,2,1,1,773,6.650279049,0,
203,43,1,2,3,2,5,2,1,2,761,6.634633358,0,
203,44,1,2,3,2,5,2,1,2,752,6.622736324,0,
203,45,1,2,3,2,5,2,1,2,726,6.587550015,0,
203,46,1,2,3,2,5,2,1,1,717,6.575075841,0,
203,47,1,2,3,2,5,2,1,1,713,6.56948142,0,
203,48,1,2,3,2,5,2,1,1,708,6.562444094,0,
203,49,1,2,3,2,5,2,1,1,691,6.538139824,0,
203,50,1,2,3,2,5,2,1,1,674,6.513230111,0,
203,51,1,2,3,2,5,2,1,1,668,6.504288174,0,
203,52,1,2,3,2,5,2,1,1,667,6.502790046,0,
203,53,1,2,3,2,5,2,1,1,657,6.487684018,0,
203,54,1,2,3,2,5,2,1,1,651,6.478509642,0,
203,55,1,2,3,2,5,2,1,1,610,6.413458957,0,
204,1,1,1,0,1,7,2,1,2,1055,6.961296046,1,
204,2,1,1,0,1,7,2,1,2,1051,6.957497371,1,
204,3,1,1,0,1,7,2,1,1,1007,6.914730893,1,
204,4,1,1,0,1,7,2,1,2,983,6.89060912,0,
204,5,1,1,0,1,7,2,1,2,968,6.875232087,0,
204,6,1,1,0,1,7,2,1,1,947,6.853299093,0,
204,7,1,1,0,1,7,2,1,2,947,6.853299093,0,
204,8,1,1,0,1,7,2,1,2,941,6.84694314,0,
204,9,1,1,0,1,7,2,1,1,933,6.838405201,0,
204,10,1,1,0,1,7,2,1,2,931,6.836259277,0,
204,11,1,1,0,1,7,2,1,2,926,6.830874235,0,
204,12,1,1,0,1,7,2,1,2,911,6.814542897,0,
204,13,1,1,0,1,7,2,1,2,908,6.811244379,0,
204,14,1,1,0,1,7,2,1,1,881,6.781057626,0,
204,15,1,1,0,1,7,2,1,1,876,6.775366091,0,
204,16,1,1,0,1,7,2,1,1,873,6.771935556,0,
204,17,1,1,0,1,7,2,1,1,865,6.762729507,0,
204,18,1,1,0,1,7,2,1,2,861,6.758094504,0,
204,19,1,1,0,1,7,2,1,2,856,6.752270376,0,
204,20,1,1,0,1,7,2,1,1,853,6.748759547,0,
204,21,1,1,0,1,7,2,1,1,850,6.745236349,0,
204,22,1,1,0,1,7,2,1,1,849,6.744059186,0,
204,23,1,1,0,1,7,2,1,1,836,6.728628613,0,
204,24,1,1,0,1,7,2,1,1,835,6.727431725,0,
204,25,1,1,0,1,7,2,1,1,834,6.726233402,0,
204,26,1,1,0,1,7,2,1,1,832,6.723832441,0,
204,27,1,1,0,1,7,2,1,1,831,6.722629795,0,
204,28,1,1,0,1,7,2,1,2,827,6.717804695,0,
204,29,1,1,0,1,7,2,1,2,826,6.716594774,0,
204,30,1,1,0,1,7,2,1,1,825,6.715383386,0,
204,31,1,1,0,1,7,2,1,2,821,6.710523109,0,
204,32,1,1,0,1,7,2,1,1,821,6.710523109,0,
204,33,1,1,0,1,7,2,1,1,818,6.706862337,0,
204,34,1,1,0,1,7,2,1,2,817,6.705639095,0,
204,35,1,1,0,1,7,2,1,2,815,6.703188113,0,
204,36,1,1,0,1,7,2,1,2,813,6.70073111,0,
204,37,1,1,0,1,7,2,1,1,811,6.698268054,0,
204,38,1,1,0,1,7,2,1,2,809,6.695798917,0,
204,39,1,1,0,1,7,2,1,1,806,6.692083743,0,
204,40,1,1,0,1,7,2,1,1,804,6.689599269,0,
204,41,1,1,0,1,7,2,1,2,801,6.685860947,0,
204,42,1,1,0,1,7,2,1,1,799,6.683360946,0,
204,43,1,1,0,1,7,2,1,1,793,6.675823222,0,
204,44,1,1,0,1,7,2,1,2,792,6.674561392,0,
204,45,1,1,0,1,7,2,1,2,789,6.670766321,0,
204,46,1,1,0,1,7,2,1,1,787,6.668228248,0,
204,47,1,1,0,1,7,2,1,1,774,6.651571874,0,
204,48,1,1,0,1,7,2,1,2,773,6.650279049,0,
204,49,1,1,0,1,7,2,1,1,765,6.639875834,0,
204,50,1,1,0,1,7,2,1,1,759,6.632001777,0,
204,51,1,1,0,1,7,2,1,1,757,6.629363253,0,
204,52,1,1,0,1,7,2,1,1,753,6.624065228,0,
204,53,1,1,0,1,7,2,1,1,753,6.624065228,0,
204,54,1,1,0,1,7,2,1,1,749,6.618738984,0,
204,55,1,1,0,1,7,2,1,1,747,6.616065185,0,
204,56,1,1,0,1,7,2,1,1,743,6.610696045,0,
204,57,1,1,0,1,7,2,1,1,741,6.608000625,0,
204,58,1,1,0,1,7,2,1,1,740,6.606650186,0,
204,59,1,1,0,1,7,2,1,2,733,6.597145702,0,
204,60,1,1,0,1,7,2,1,1,733,6.597145702,0,
204,61,1,1,0,1,7,2,1,1,733,6.597145702,0,
204,62,1,1,0,1,7,2,1,1,732,6.595780514,0,
204,63,1,1,0,1,7,2,1,1,729,6.591673732,0,
204,64,1,1,0,1,7,2,1,1,728,6.590301048,0,
204,65,1,1,0,1,7,2,1,1,727,6.588926478,0,
204,66,1,1,0,1,7,2,1,1,726,6.587550015,0,
204,67,1,1,0,1,7,2,1,1,725,6.586171655,0,
204,68,1,1,0,1,7,2,1,1,724,6.584791392,0,
204,69,1,1,0,1,7,2,1,1,722,6.582025139,0,
204,70,1,1,0,1,7,2,1,1,722,6.582025139,0,
204,71,1,1,0,1,7,2,1,1,717,6.575075841,0,
204,72,1,1,0,1,7,2,1,1,716,6.573680167,0,
204,73,1,1,0,1,7,2,1,1,713,6.56948142,0,
204,74,1,1,0,1,7,2,1,1,711,6.56667243,0,
204,75,1,1,0,1,7,2,1,1,707,6.561030666,0,
204,76,1,1,0,1,7,2,1,1,685,6.529418838,0,
204,77,1,1,0,1,7,2,1,1,681,6.523562306,0,
204,78,1,1,0,1,7,2,1,1,674,6.513230111,0,
204,79,1,1,0,1,7,2,1,1,670,6.507277712,0,
204,80,1,1,0,1,7,2,1,1,665,6.499787041,0,
204,81,1,1,0,1,7,2,1,1,644,6.467698726,0,
204,82,1,1,0,1,7,2,1,1,627,6.440946541,0,
204,83,1,1,0,1,7,2,1,1,533,6.278521424,0,
205,1,1,1,0,1,7,2,1,1,897,6.799055862,0,
205,2,1,1,0,1,7,2,1,1,883,6.783325201,0,
205,3,1,1,0,1,7,2,1,1,881,6.781057626,0,
205,4,1,1,0,1,7,2,1,1,881,6.781057626,0,
205,5,1,1,0,1,7,2,1,1,875,6.774223886,0,
205,6,1,1,0,1,7,2,1,1,865,6.762729507,0,
205,7,1,1,0,1,7,2,1,1,862,6.759255271,0,
205,8,1,1,0,1,7,2,1,1,857,6.753437919,0,
205,9,1,1,0,1,7,2,1,1,857,6.753437919,0,
205,10,1,1,0,1,7,2,1,1,853,6.748759547,0,
205,11,1,1,0,1,7,2,1,1,848,6.742880636,0,
205,12,1,1,0,1,7,2,1,1,842,6.735780014,0,
205,13,1,1,0,1,7,2,1,1,840,6.733401892,0,
205,14,1,1,0,1,7,2,1,1,830,6.721425701,0,
205,15,1,1,0,1,7,2,1,1,829,6.720220155,0,
205,16,1,1,0,1,7,2,1,1,829,6.720220155,0,
205,17,1,1,0,1,7,2,1,1,825,6.715383386,0,
205,18,1,1,0,1,7,2,1,1,823,6.712956201,0,
205,19,1,1,0,1,7,2,1,1,816,6.704414355,0,
205,20,1,1,0,1,7,2,1,1,814,6.701960366,0,
205,21,1,1,0,1,7,2,1,1,800,6.684611728,0,
205,22,1,1,0,1,7,2,1,1,780,6.65929392,0,
205,23,1,1,0,1,7,2,1,1,773,6.650279049,0,
205,24,1,1,0,1,7,2,1,1,764,6.638567789,0,
205,25,1,1,0,1,7,2,1,1,762,6.635946556,0,
205,26,1,1,0,1,7,2,1,1,749,6.618738984,0,
206,1,1,1,0,1,7,2,1,2,1183,7.075808864,1,
206,2,1,1,0,1,7,2,1,2,1181,7.074116816,1,
206,3,1,1,0,1,7,2,1,3,1131,7.030857476,1,
206,4,1,1,0,1,7,2,1,2,1118,7.019296654,1,
206,5,1,1,0,1,7,2,1,2,1113,7.014814351,1,
206,6,1,1,0,1,7,2,1,2,1100,7.003065459,1,
206,7,1,1,0,1,7,2,1,2,1068,6.97354302,1,
206,8,1,1,0,1,7,2,1,2,1058,6.964135612,1,
206,9,1,1,0,1,7,2,1,2,1051,6.957497371,1,
206,10,1,1,0,1,7,2,1,2,1050,6.956545443,1,
206,11,1,1,0,1,7,2,1,2,1024,6.931471806,1,
206,12,1,1,0,1,7,2,1,2,967,6.874198495,0,
206,13,1,1,0,1,7,2,1,2,926,6.830874235,0,
206,14,1,1,0,1,7,2,1,2,895,6.796823718,0,
206,15,1,1,0,1,7,2,1,2,880,6.779921907,0,
206,16,1,1,0,1,7,2,1,2,878,6.777646594,0,
206,17,1,1,0,1,7,2,1,2,875,6.774223886,0,
206,18,1,1,0,1,7,2,1,2,875,6.774223886,0,
206,19,1,1,0,1,7,2,1,2,864,6.761572769,0,
206,20,1,1,0,1,7,2,1,2,852,6.747586527,0,
206,21,1,1,0,1,7,2,1,2,851,6.746412129,0,
206,22,1,1,0,1,7,2,1,2,851,6.746412129,0,
206,23,1,1,0,1,7,2,1,2,851,6.746412129,0,
206,24,1,1,0,1,7,2,1,2,849,6.744059186,0,
206,25,1,1,0,1,7,2,1,2,845,6.739336627,0,
206,26,1,1,0,1,7,2,1,2,839,6.732210706,0,
206,27,1,1,0,1,7,2,1,2,839,6.732210706,0,
206,28,1,1,0,1,7,2,1,2,832,6.723832441,0,
206,29,1,1,0,1,7,2,1,2,827,6.717804695,0,
206,30,1,1,0,1,7,2,1,1,812,6.69950034,0,
206,31,1,1,0,1,7,2,1,1,809,6.695798917,0,
206,32,1,1,0,1,7,2,1,1,796,6.679599186,0,
206,33,1,1,0,1,7,2,1,2,788,6.66949809,0,
206,34,1,1,0,1,7,2,1,2,772,6.64898455,0,
206,35,1,1,0,1,7,2,1,2,768,6.643789733,0,
206,36,1,1,0,1,7,2,1,2,740,6.606650186,0,
206,37,1,1,0,1,7,2,1,1,680,6.522092798,0,
206,38,1,1,0,1,7,2,1,1,679,6.520621128,0,
206,39,1,1,0,1,7,2,1,2,643,6.466144724,0,
207,1,1,1,0,1,8,2,1,1,821,6.710523109,0,
207,2,1,1,0,1,8,2,1,1,817,6.705639095,0,
207,3,1,1,0,1,8,2,1,1,813,6.70073111,0,
207,4,1,1,0,1,8,2,1,1,764,6.638567789,0,
207,5,1,1,0,1,8,2,1,1,762,6.635946556,0,
207,6,1,1,0,1,8,2,1,1,758,6.630683386,0,
207,7,1,1,0,1,8,2,1,1,753,6.624065228,0,
207,8,1,1,0,1,8,2,1,1,753,6.624065228,0,
207,9,1,1,0,1,8,2,1,1,747,6.616065185,0,
207,10,1,1,0,1,8,2,1,1,747,6.616065185,0,
207,11,1,1,0,1,8,2,1,1,741,6.608000625,0,
207,12,1,1,0,1,8,2,1,1,737,6.602587892,0,
207,13,1,1,0,1,8,2,1,1,737,6.602587892,0,
207,14,1,1,0,1,8,2,1,1,734,6.598509029,0,
207,15,1,1,0,1,8,2,1,1,720,6.579251212,0,
207,16,1,1,0,1,8,2,1,1,711,6.56667243,0,
207,17,1,1,0,1,8,2,1,1,701,6.552507887,0,
207,18,1,1,0,1,8,2,1,1,696,6.54534966,0,
207,19,1,1,0,1,8,2,1,1,693,6.541029999,0,
207,20,1,1,0,1,8,2,1,1,690,6.536691598,0,
207,21,1,1,0,1,8,2,1,1,677,6.517671273,0,
207,22,1,1,0,1,8,2,1,1,676,6.516193076,0,
207,23,1,1,0,1,8,2,1,1,627,6.440946541,0,
207,24,1,1,0,1,8,2,1,1,535,6.282266747,0,
208,1,1,1,0,1,8,2,1,1,1110,7.012115294,1,
208,2,1,1,0,1,8,2,1,3,1097,7.00033446,1,
208,3,1,1,0,1,8,2,1,3,969,6.876264612,0,
208,4,1,1,0,1,8,2,1,3,963,6.870053412,0,
208,5,1,1,0,1,8,2,1,2,963,6.870053412,0,
208,6,1,1,0,1,8,2,1,1,948,6.854354502,0,
208,7,1,1,0,1,8,2,1,3,947,6.853299093,0,
208,8,1,1,0,1,8,2,1,2,940,6.845879875,0,
208,9,1,1,0,1,8,2,1,2,931,6.836259277,0,
208,10,1,1,0,1,8,2,1,1,927,6.831953566,0,
208,11,1,1,0,1,8,2,1,3,921,6.825460036,0,
208,12,1,1,0,1,8,2,1,3,920,6.82437367,0,
208,13,1,1,0,1,8,2,1,3,919,6.823286122,0,
208,14,1,1,0,1,8,2,1,3,918,6.822197391,0,
208,15,1,1,0,1,8,2,1,1,916,6.820016365,0,
208,16,1,1,0,1,8,2,1,2,907,6.81014245,0,
208,17,1,1,0,1,8,2,1,2,904,6.80682936,0,
208,18,1,1,0,1,8,2,1,3,902,6.80461452,0,
208,19,1,1,0,1,8,2,1,3,888,6.788971743,0,
208,20,1,1,0,1,8,2,1,2,880,6.779921907,0,
208,21,1,1,0,1,8,2,1,3,880,6.779921907,0,
208,22,1,1,0,1,8,2,1,2,878,6.777646594,0,
208,23,1,1,0,1,8,2,1,2,877,6.776506992,0,
208,24,1,1,0,1,8,2,1,1,875,6.774223886,0,
208,25,1,1,0,1,8,2,1,2,874,6.773080376,0,
208,26,1,1,0,1,8,2,1,3,873,6.771935556,0,
208,27,1,1,0,1,8,2,1,1,869,6.767343125,0,
208,28,1,1,0,1,8,2,1,1,868,6.766191715,0,
208,29,1,1,0,1,8,2,1,2,862,6.759255271,0,
208,30,1,1,0,1,8,2,1,1,861,6.758094504,0,
208,31,1,1,0,1,8,2,1,1,860,6.756932389,0,
208,32,1,1,0,1,8,2,1,2,856,6.752270376,0,
208,33,1,1,0,1,8,2,1,2,847,6.741700695,0,
208,34,1,1,0,1,8,2,1,3,841,6.73459166,0,
208,35,1,1,0,1,8,2,1,1,838,6.7310181,0,
208,36,1,1,0,1,8,2,1,1,838,6.7310181,0,
208,37,1,1,0,1,8,2,1,2,823,6.712956201,0,
208,38,1,1,0,1,8,2,1,1,820,6.70930434,0,
208,39,1,1,0,1,8,2,1,2,817,6.705639095,0,
208,40,1,1,0,1,8,2,1,1,810,6.697034248,0,
208,41,1,1,0,1,8,2,1,1,804,6.689599269,0,
208,42,1,1,0,1,8,2,1,2,802,6.687108608,0,
208,43,1,1,0,1,8,2,1,1,802,6.687108608,0,
208,44,1,1,0,1,8,2,1,1,796,6.679599186,0,
208,45,1,1,0,1,8,2,1,2,793,6.675823222,0,
208,46,1,1,0,1,8,2,1,1,786,6.666956792,0,
208,47,1,1,0,1,8,2,1,1,776,6.65415252,0,
208,48,1,1,0,1,8,2,1,1,760,6.633318433,0,
208,49,1,1,0,1,8,2,1,1,755,6.626717749,0,
208,50,1,1,0,1,8,2,1,1,752,6.622736324,0,
208,51,1,1,0,1,8,2,1,1,743,6.610696045,0,
208,52,1,1,0,1,8,2,1,1,739,6.605297921,0,
208,53,1,1,0,1,8,2,1,1,739,6.605297921,0,
208,54,1,1,0,1,8,2,1,1,738,6.603943825,0,
208,55,1,1,0,1,8,2,1,1,737,6.602587892,0,
208,56,1,1,0,1,8,2,1,1,737,6.602587892,0,
208,57,1,1,0,1,8,2,1,1,723,6.583409222,0,
208,58,1,1,0,1,8,2,1,1,722,6.582025139,0,
208,59,1,1,0,1,8,2,1,1,683,6.52649486,0,
208,60,1,1,0,1,8,2,1,1,673,6.51174533,0,
209,1,1,1,0,1,8,2,1,1,1044,6.950814768,1,
209,2,1,1,0,1,8,2,1,1,899,6.801283034,0,
209,3,1,1,0,1,8,2,1,1,802,6.687108608,0,
209,4,1,1,0,1,8,2,1,1,795,6.678342115,0,
209,5,1,1,0,1,8,2,1,1,794,6.677083461,0,
209,6,1,1,0,1,8,2,1,1,782,6.661854741,0,
209,7,1,1,0,1,8,2,1,1,758,6.630683386,0,
209,8,1,1,0,1,8,2,1,1,758,6.630683386,0,
209,9,1,1,0,1,8,2,1,1,756,6.628041376,0,
209,10,1,1,0,1,8,2,1,2,748,6.617402978,0,
209,11,1,1,0,1,8,2,1,1,747,6.616065185,0,
209,12,1,1,0,1,8,2,1,1,746,6.6147256,0,
209,13,1,1,0,1,8,2,1,1,739,6.605297921,0,
209,14,1,1,0,1,8,2,1,1,732,6.595780514,0,
209,15,1,1,0,1,8,2,1,1,731,6.59441346,0,
209,16,1,1,0,1,8,2,1,2,730,6.593044534,0,
209,17,1,1,0,1,8,2,1,1,728,6.590301048,0,
209,18,1,1,0,1,8,2,1,1,723,6.583409222,0,
209,19,1,1,0,1,8,2,1,1,715,6.572282543,0,
209,20,1,1,0,1,8,2,1,1,713,6.56948142,0,
209,21,1,1,0,1,8,2,1,1,709,6.563855527,0,
209,22,1,1,0,1,8,2,1,1,707,6.561030666,0,
209,23,1,1,0,1,8,2,1,2,706,6.559615237,0,
209,24,1,1,0,1,8,2,1,1,705,6.558197803,0,
209,25,1,1,0,1,8,2,1,1,700,6.551080335,0,
209,26,1,1,0,1,8,2,1,1,699,6.549650742,0,
209,27,1,1,0,1,8,2,1,1,689,6.535241271,0,
209,28,1,1,0,1,8,2,1,1,687,6.532334292,0,
209,29,1,1,0,1,8,2,1,2,685,6.529418838,0,
209,30,1,1,0,1,8,2,1,1,676,6.516193076,0,
209,31,1,1,0,1,8,2,1,1,673,6.51174533,0,
209,32,1,1,0,1,8,2,1,1,671,6.508769137,0,
209,33,1,1,0,1,8,2,1,1,671,6.508769137,0,
209,34,1,1,0,1,8,2,1,1,670,6.507277712,0,
209,35,1,1,0,1,8,2,1,1,668,6.504288174,0,
209,36,1,1,0,1,8,2,1,1,668,6.504288174,0,
209,37,1,1,0,1,8,2,1,1,667,6.502790046,0,
209,38,1,1,0,1,8,2,1,1,664,6.498282149,0,
209,39,1,1,0,1,8,2,1,1,661,6.49375384,0,
209,40,1,1,0,1,8,2,1,2,659,6.490723535,0,
209,41,1,1,0,1,8,2,1,1,656,6.486160789,0,
209,42,1,1,0,1,8,2,1,1,652,6.480044562,0,
209,43,1,1,0,1,8,2,1,1,652,6.480044562,0,
209,44,1,1,0,1,8,2,1,1,634,6.452048954,0,
209,45,1,1,0,1,8,2,1,1,631,6.447305863,0,
209,46,1,1,0,1,8,2,1,1,623,6.434546519,0,
209,47,1,1,0,1,8,2,1,1,623,6.434546519,0,
209,48,1,1,0,1,8,2,1,1,617,6.424869024,0,
209,49,1,1,0,1,8,2,1,1,617,6.424869024,0,
209,50,1,1,0,1,8,2,1,1,616,6.423246964,0,
209,51,1,1,0,1,8,2,1,1,615,6.421622268,0,
209,52,1,1,0,1,8,2,1,1,606,6.406879986,0,
209,53,1,1,0,1,8,2,1,1,590,6.380122537,0,
209,54,1,1,0,1,8,2,1,1,590,6.380122537,0,
209,55,1,1,0,1,8,2,1,1,557,6.32256524,0,
210,1,1,1,0,1,7,2,1,2,1253,7.133295955,1,
210,2,1,1,0,1,7,2,1,2,1248,7.129297549,1,
210,3,1,1,0,1,7,2,1,2,1239,7.122059882,1,
210,4,1,1,0,1,7,2,1,3,1239,7.122059882,1,
210,5,1,1,0,1,7,2,1,2,1215,7.102499356,1,
210,6,1,1,0,1,7,2,1,2,1195,7.085901464,1,
210,7,1,1,0,1,7,2,1,2,1193,7.084226422,1,
210,8,1,1,0,1,7,2,1,2,1187,7.079184395,1,
210,9,1,1,0,1,7,2,1,3,1172,7.06646697,1,
210,10,1,1,0,1,7,2,1,2,1170,7.064759028,1,
210,11,1,1,0,1,7,2,1,3,1170,7.064759028,1,
210,12,1,1,0,1,7,2,1,3,1170,7.064759028,1,
210,13,1,1,0,1,7,2,1,3,1167,7.062191632,1,
210,14,1,1,0,1,7,2,1,3,1167,7.062191632,1,
210,15,1,1,0,1,7,2,1,2,1159,7.055312843,1,
210,16,1,1,0,1,7,2,1,3,1153,7.05012252,1,
210,17,1,1,0,1,7,2,1,2,1149,7.046647278,1,
210,18,1,1,0,1,7,2,1,2,1142,7.04053639,1,
210,19,1,1,0,1,7,2,1,2,1136,7.035268599,1,
210,20,1,1,0,1,7,2,1,2,1130,7.029972912,1,
210,21,1,1,0,1,7,2,1,2,1123,7.023758955,1,
210,22,1,1,0,1,7,2,1,2,1122,7.022868086,1,
210,23,1,1,0,1,7,2,1,2,1120,7.021083964,1,
210,24,1,1,0,1,7,2,1,2,1110,7.012115294,1,
210,25,1,1,0,1,7,2,1,2,1109,7.011213987,1,
210,26,1,1,0,1,7,2,1,2,1101,7.003974137,1,
210,27,1,1,0,1,7,2,1,3,1095,6.998509642,1,
210,28,1,1,0,1,7,2,1,3,1090,6.993932975,1,
210,29,1,1,0,1,7,2,1,3,1088,6.992096427,1,
210,30,1,1,0,1,7,2,1,2,1087,6.991176887,1,
210,31,1,1,0,1,7,2,1,3,1086,6.9902565,1,
210,32,1,1,0,1,7,2,1,3,1081,6.985641818,1,
210,33,1,1,0,1,7,2,1,3,1074,6.979145275,1,
210,34,1,1,0,1,7,2,1,2,1062,6.967909202,1,
210,35,1,1,0,1,7,2,1,2,1062,6.967909202,1,
210,36,1,1,0,1,7,2,1,2,1058,6.964135612,1,
210,37,1,1,0,1,7,2,1,2,1056,6.962243464,1,
210,38,1,1,0,1,7,2,1,3,1055,6.961296046,1,
210,39,1,1,0,1,7,2,1,2,1048,6.954638865,1,
210,40,1,1,0,1,7,2,1,2,1042,6.948897222,1,
210,41,1,1,0,1,7,2,1,2,1035,6.942156706,1,
210,42,1,1,0,1,7,2,1,2,1033,6.940222469,1,
210,43,1,1,0,1,7,2,1,2,1032,6.939253946,1,
210,44,1,1,0,1,7,2,1,2,1027,6.93439721,1,
210,45,1,1,0,1,7,2,1,2,1018,6.925595197,1,
210,46,1,1,0,1,7,2,1,2,1017,6.924612396,1,
210,47,1,1,0,1,7,2,1,2,1016,6.923628628,1,
210,48,1,1,0,1,7,2,1,2,1011,6.918695219,1,
210,49,1,1,0,1,7,2,1,2,1006,6.913737351,1,
210,50,1,1,0,1,7,2,1,2,1004,6.9117473,1,
210,51,1,1,0,1,7,2,1,2,1003,6.910750788,1,
210,52,1,1,0,1,7,2,1,2,998,6.905753276,0,
210,53,1,1,0,1,7,2,1,2,997,6.90475077,0,
210,54,1,1,0,1,7,2,1,2,996,6.903747258,0,
210,55,1,1,0,1,7,2,1,2,995,6.902742737,0,
210,56,1,1,0,1,7,2,1,2,995,6.902742737,0,
210,57,1,1,0,1,7,2,1,2,992,6.899723107,0,
210,58,1,1,0,1,7,2,1,2,988,6.895682698,0,
210,59,1,1,0,1,7,2,1,2,981,6.88857246,0,
210,60,1,1,0,1,7,2,1,2,980,6.887552572,0,
210,61,1,1,0,1,7,2,1,2,978,6.88550967,0,
210,62,1,1,0,1,7,2,1,2,978,6.88550967,0,
210,63,1,1,0,1,7,2,1,2,974,6.881411304,0,
210,64,1,1,0,1,7,2,1,2,965,6.872128101,0,
210,65,1,1,0,1,7,2,1,2,962,6.869014451,0,
210,66,1,1,0,1,7,2,1,2,950,6.856461985,0,
210,67,1,1,0,1,7,2,1,2,947,6.853299093,0,
210,68,1,1,0,1,7,2,1,2,946,6.852242569,0,
210,69,1,1,0,1,7,2,1,2,944,6.850126166,0,
210,70,1,1,0,1,7,2,1,2,944,6.850126166,0,
210,71,1,1,0,1,7,2,1,2,940,6.845879875,0,
210,72,1,1,0,1,7,2,1,2,939,6.844815479,0,
210,73,1,1,0,1,7,2,1,1,936,6.841615476,0,
210,74,1,1,0,1,7,2,1,2,934,6.839476438,0,
210,75,1,1,0,1,7,2,1,1,934,6.839476438,0,
210,76,1,1,0,1,7,2,1,2,923,6.827629235,0,
210,77,1,1,0,1,7,2,1,2,918,6.822197391,0,
210,78,1,1,0,1,7,2,1,1,912,6.81563999,0,
210,79,1,1,0,1,7,2,1,2,911,6.814542897,0,
210,80,1,1,0,1,7,2,1,2,906,6.809039306,0,
210,81,1,1,0,1,7,2,1,1,903,6.805722553,0,
210,82,1,1,0,1,7,2,1,2,902,6.80461452,0,
210,83,1,1,0,1,7,2,1,2,902,6.80461452,0,
210,84,1,1,0,1,7,2,1,2,896,6.797940413,0,
210,85,1,1,0,1,7,2,1,2,894,6.795705775,0,
210,86,1,1,0,1,7,2,1,2,885,6.785587645,0,
210,87,1,1,0,1,7,2,1,2,885,6.785587645,0,
210,88,1,1,0,1,7,2,1,2,885,6.785587645,0,
210,89,1,1,0,1,7,2,1,2,883,6.783325201,0,
210,90,1,1,0,1,7,2,1,1,879,6.778784898,0,
210,91,1,1,0,1,7,2,1,2,875,6.774223886,0,
210,92,1,1,0,1,7,2,1,2,872,6.770789424,0,
210,93,1,1,0,1,7,2,1,2,870,6.768493212,0,
210,94,1,1,0,1,7,2,1,2,867,6.765038977,0,
210,95,1,1,0,1,7,2,1,2,867,6.765038977,0,
210,96,1,1,0,1,7,2,1,2,862,6.759255271,0,
210,97,1,1,0,1,7,2,1,2,861,6.758094504,0,
210,98,1,1,0,1,7,2,1,2,859,6.755768922,0,
210,99,1,1,0,1,7,2,1,2,858,6.754604099,0,
210,100,1,1,0,1,7,2,1,2,856,6.752270376,0,
210,101,1,1,0,1,7,2,1,1,856,6.752270376,0,
210,102,1,1,0,1,7,2,1,2,855,6.751101469,0,
210,103,1,1,0,1,7,2,1,1,855,6.751101469,0,
210,104,1,1,0,1,7,2,1,1,852,6.747586527,0,
210,105,1,1,0,1,7,2,1,2,852,6.747586527,0,
210,106,1,1,0,1,7,2,1,2,851,6.746412129,0,
210,107,1,1,0,1,7,2,1,1,838,6.7310181,0,
210,108,1,1,0,1,7,2,1,1,838,6.7310181,0,
210,109,1,1,0,1,7,2,1,2,837,6.72982407,0,
210,110,1,1,0,1,7,2,1,1,834,6.726233402,0,
210,111,1,1,0,1,7,2,1,1,829,6.720220155,0,
210,112,1,1,0,1,7,2,1,1,818,6.706862337,0,
210,113,1,1,0,1,7,2,1,1,818,6.706862337,0,
210,114,1,1,0,1,7,2,1,2,814,6.701960366,0,
210,115,1,1,0,1,7,2,1,2,809,6.695798917,0,
210,116,1,1,0,1,7,2,1,1,808,6.694562059,0,
210,117,1,1,0,1,7,2,1,2,807,6.693323668,0,
210,118,1,1,0,1,7,2,1,2,800,6.684611728,0,
210,119,1,1,0,1,7,2,1,2,798,6.682108597,0,
210,120,1,1,0,1,7,2,1,1,791,6.673297968,0,
210,121,1,1,0,1,7,2,1,1,791,6.673297968,0,
210,122,1,1,0,1,7,2,1,1,780,6.65929392,0,
210,123,1,1,0,1,7,2,1,1,780,6.65929392,0,
210,124,1,1,0,1,7,2,1,2,778,6.656726524,0,
210,125,1,1,0,1,7,2,1,2,776,6.65415252,0,
210,126,1,1,0,1,7,2,1,2,771,6.647688374,0,
210,127,1,1,0,1,7,2,1,1,770,6.646390515,0,
210,128,1,1,0,1,7,2,1,1,768,6.643789733,0,
210,129,1,1,0,1,7,2,1,1,767,6.642486801,0,
210,130,1,1,0,1,7,2,1,2,764,6.638567789,0,
210,131,1,1,0,1,7,2,1,1,754,6.625392368,0,
210,132,1,1,0,1,7,2,1,1,749,6.618738984,0,
210,133,1,1,0,1,7,2,1,1,748,6.617402978,0,
210,134,1,1,0,1,7,2,1,2,739,6.605297921,0,
210,135,1,1,0,1,7,2,1,1,738,6.603943825,0,
210,136,1,1,0,1,7,2,1,2,737,6.602587892,0,
210,137,1,1,0,1,7,2,1,1,726,6.587550015,0,
210,138,1,1,0,1,7,2,1,1,716,6.573680167,0,
210,139,1,1,0,1,7,2,1,1,704,6.556778356,0,
210,140,1,1,0,1,7,2,1,1,694,6.542471961,0,
210,141,1,1,0,1,7,2,1,1,686,6.530877628,0,
210,142,1,1,0,1,7,2,1,1,680,6.522092798,0,
210,143,1,1,0,1,7,2,1,1,679,6.520621128,0,
210,144,1,1,0,1,7,2,1,1,677,6.517671273,0,
210,145,1,1,0,1,7,2,1,1,676,6.516193076,0,
210,146,1,1,0,1,7,2,1,1,667,6.502790046,0,
210,147,1,1,0,1,7,2,1,1,664,6.498282149,0,
210,148,1,1,0,1,7,2,1,1,663,6.49677499,0,
210,149,1,1,0,1,7,2,1,1,656,6.486160789,0,
210,150,1,1,0,1,7,2,1,1,652,6.480044562,0,
210,151,1,1,0,1,7,2,1,1,648,6.473890696,0,
210,152,1,1,0,1,7,2,1,1,645,6.469250317,0,
210,153,1,1,0,1,7,2,1,1,644,6.467698726,0,
210,154,1,1,0,1,7,2,1,1,644,6.467698726,0,
210,155,1,1,0,1,7,2,1,1,640,6.461468176,0,
210,156,1,1,0,1,7,2,1,1,640,6.461468176,0,
210,157,1,1,0,1,7,2,1,1,636,6.455198563,0,
210,158,1,1,0,1,7,2,1,1,633,6.450470422,0,
210,159,1,1,0,1,7,2,1,1,626,6.439350371,0,
210,160,1,1,0,1,7,2,1,1,625,6.43775165,0,
210,161,1,1,0,1,7,2,1,1,625,6.43775165,0,
210,162,1,1,0,1,7,2,1,1,618,6.426488457,0,
210,163,1,1,0,1,7,2,1,1,614,6.419994928,0,
210,164,1,1,0,1,7,2,1,1,602,6.400257445,0,
210,165,1,1,0,1,7,2,1,1,552,6.313548046,0,
210,166,1,1,0,1,7,2,1,1,550,6.309918278,0,
210,167,1,1,0,1,7,2,1,1,548,6.306275287,0,
210,168,1,1,0,1,7,2,1,1,526,6.265301213,0,
210,169,1,1,0,1,7,2,1,1,524,6.261491684,0,
210,170,1,1,0,1,7,2,1,1,515,6.244166901,0,
210,171,1,1,0,1,7,2,1,1,510,6.234410726,0,
210,172,1,1,0,1,7,2,1,1,508,6.230481448,0,
210,173,1,1,0,1,7,2,1,1,507,6.228511004,0,
210,174,1,1,0,1,7,2,1,1,500,6.214608098,0,
211,1,1,1,0,1,8,2,1,3,1222,7.10824414,1,
211,2,1,1,0,1,8,2,1,2,1215,7.102499356,1,
211,3,1,1,0,1,8,2,1,3,1206,7.095064377,1,
211,4,1,1,0,1,8,2,1,3,1201,7.090909822,1,
211,5,1,1,0,1,8,2,1,2,1183,7.075808864,1,
211,6,1,1,0,1,8,2,1,3,1165,7.060476366,1,
211,7,1,1,0,1,8,2,1,3,1130,7.029972912,1,
211,8,1,1,0,1,8,2,1,3,1128,7.028201432,1,
211,9,1,1,0,1,8,2,1,3,1121,7.021976423,1,
211,10,1,1,0,1,8,2,1,3,1101,7.003974137,1,
211,11,1,1,0,1,8,2,1,2,1075,6.980075941,1,
211,12,1,1,0,1,8,2,1,2,1044,6.950814768,1,
211,13,1,1,0,1,8,2,1,2,1028,6.935370446,1,
211,14,1,1,0,1,8,2,1,2,1011,6.918695219,1,
211,15,1,1,0,1,8,2,1,2,1005,6.91274282,1,
211,16,1,1,0,1,8,2,1,2,1002,6.909753282,1,
211,17,1,1,0,1,8,2,1,2,992,6.899723107,0,
211,18,1,1,0,1,8,2,1,2,987,6.894670039,0,
211,19,1,1,0,1,8,2,1,2,980,6.887552572,0,
211,20,1,1,0,1,8,2,1,2,967,6.874198495,0,
211,21,1,1,0,1,8,2,1,2,966,6.873163834,0,
211,22,1,1,0,1,8,2,1,2,949,6.855408799,0,
211,23,1,1,0,1,8,2,1,2,944,6.850126166,0,
211,24,1,1,0,1,8,2,1,2,924,6.828712072,0,
211,25,1,1,0,1,8,2,1,2,918,6.822197391,0,
211,26,1,1,0,1,8,2,1,2,918,6.822197391,0,
211,27,1,1,0,1,8,2,1,1,912,6.81563999,0,
211,28,1,1,0,1,8,2,1,1,911,6.814542897,0,
211,29,1,1,0,1,8,2,1,2,883,6.783325201,0,
211,30,1,1,0,1,8,2,1,2,878,6.777646594,0,
211,31,1,1,0,1,8,2,1,1,877,6.776506992,0,
211,32,1,1,0,1,8,2,1,2,875,6.774223886,0,
211,33,1,1,0,1,8,2,1,1,871,6.769641977,0,
211,34,1,1,0,1,8,2,1,2,857,6.753437919,0,
211,35,1,1,0,1,8,2,1,2,855,6.751101469,0,
211,36,1,1,0,1,8,2,1,2,855,6.751101469,0,
211,37,1,1,0,1,8,2,1,2,848,6.742880636,0,
211,38,1,1,0,1,8,2,1,1,831,6.722629795,0,
211,39,1,1,0,1,8,2,1,2,824,6.71417053,0,
211,40,1,1,0,1,8,2,1,1,823,6.712956201,0,
211,41,1,1,0,1,8,2,1,2,815,6.703188113,0,
211,42,1,1,0,1,8,2,1,1,807,6.693323668,0,
211,43,1,1,0,1,8,2,1,1,798,6.682108597,0,
211,44,1,1,0,1,8,2,1,1,782,6.661854741,0,
211,45,1,1,0,1,8,2,1,1,777,6.65544035,0,
211,46,1,1,0,1,8,2,1,2,773,6.650279049,0,
211,47,1,1,0,1,8,2,1,1,768,6.643789733,0,
211,48,1,1,0,1,8,2,1,1,761,6.634633358,0,
211,49,1,1,0,1,8,2,1,2,759,6.632001777,0,
211,50,1,1,0,1,8,2,1,1,757,6.629363253,0,
211,51,1,1,0,1,8,2,1,1,757,6.629363253,0,
211,52,1,1,0,1,8,2,1,1,754,6.625392368,0,
211,53,1,1,0,1,8,2,1,1,753,6.624065228,0,
211,54,1,1,0,1,8,2,1,2,752,6.622736324,0,
211,55,1,1,0,1,8,2,1,1,750,6.620073207,0,
211,56,1,1,0,1,8,2,1,1,747,6.616065185,0,
211,57,1,1,0,1,8,2,1,1,746,6.6147256,0,
211,58,1,1,0,1,8,2,1,2,743,6.610696045,0,
211,59,1,1,0,1,8,2,1,1,740,6.606650186,0,
211,60,1,1,0,1,8,2,1,1,738,6.603943825,0,
211,61,1,1,0,1,8,2,1,1,735,6.599870499,0,
211,62,1,1,0,1,8,2,1,1,733,6.597145702,0,
211,63,1,1,0,1,8,2,1,1,732,6.595780514,0,
211,64,1,1,0,1,8,2,1,1,732,6.595780514,0,
211,65,1,1,0,1,8,2,1,2,731,6.59441346,0,
211,66,1,1,0,1,8,2,1,2,730,6.593044534,0,
211,67,1,1,0,1,8,2,1,1,729,6.591673732,0,
211,68,1,1,0,1,8,2,1,1,728,6.590301048,0,
211,69,1,1,0,1,8,2,1,2,724,6.584791392,0,
211,70,1,1,0,1,8,2,1,1,721,6.580639137,0,
211,71,1,1,0,1,8,2,1,2,720,6.579251212,0,
211,72,1,1,0,1,8,2,1,1,716,6.573680167,0,
211,73,1,1,0,1,8,2,1,2,713,6.56948142,0,
211,74,1,1,0,1,8,2,1,1,712,6.568077911,0,
211,75,1,1,0,1,8,2,1,1,711,6.56667243,0,
211,76,1,1,0,1,8,2,1,1,709,6.563855527,0,
211,77,1,1,0,1,8,2,1,1,706,6.559615237,0,
211,78,1,1,0,1,8,2,1,1,700,6.551080335,0,
211,79,1,1,0,1,8,2,1,1,699,6.549650742,0,
211,80,1,1,0,1,8,2,1,1,698,6.548219103,0,
211,81,1,1,0,1,8,2,1,1,696,6.54534966,0,
211,82,1,1,0,1,8,2,1,1,694,6.542471961,0,
211,83,1,1,0,1,8,2,1,1,688,6.533788838,0,
211,84,1,1,0,1,8,2,1,1,687,6.532334292,0,
211,85,1,1,0,1,8,2,1,1,686,6.530877628,0,
211,86,1,1,0,1,8,2,1,1,683,6.52649486,0,
211,87,1,1,0,1,8,2,1,1,678,6.519147288,0,
211,88,1,1,0,1,8,2,1,1,674,6.513230111,0,
211,89,1,1,0,1,8,2,1,1,674,6.513230111,0,
211,90,1,1,0,1,8,2,1,1,668,6.504288174,0,
211,91,1,1,0,1,8,2,1,1,667,6.502790046,0,
211,92,1,1,0,1,8,2,1,1,665,6.499787041,0,
211,93,1,1,0,1,8,2,1,1,658,6.489204931,0,
211,94,1,1,0,1,8,2,1,1,657,6.487684018,0,
211,95,1,1,0,1,8,2,1,1,645,6.469250317,0,
211,96,1,1,0,1,8,2,1,1,636,6.455198563,0,
211,97,1,1,0,1,8,2,1,1,625,6.43775165,0,
211,98,1,1,0,1,8,2,1,1,615,6.421622268,0,
211,99,1,1,0,1,8,2,1,1,607,6.408528791,0,
211,100,1,1,0,1,8,2,1,1,607,6.408528791,0,
211,101,1,1,0,1,8,2,1,1,607,6.408528791,0,
211,102,1,1,0,1,8,2,1,1,607,6.408528791,0,
211,103,1,1,0,1,8,2,1,1,603,6.401917197,0,
211,104,1,1,0,1,8,2,1,1,598,6.393590754,0,
211,105,1,1,0,1,8,2,1,1,595,6.388561406,0,
211,106,1,1,0,1,8,2,1,2,561,6.329720906,0,
211,107,1,1,0,1,8,2,1,2,560,6.327936784,0,
211,108,1,1,0,1,8,2,1,2,551,6.311734809,0,
211,109,1,1,0,1,8,2,1,1,548,6.306275287,0,
211,110,1,1,0,1,8,2,1,1,541,6.293419279,0,
212,1,1,1,0,1,9,2,1,3,1226,7.111512116,1,
212,2,1,1,0,1,9,2,1,3,1197,7.087573706,1,
212,3,1,1,0,1,9,2,1,3,1183,7.075808864,1,
212,4,1,1,0,1,9,2,1,2,1179,7.072421901,1,
212,5,1,1,0,1,9,2,1,2,1166,7.061334367,1,
212,6,1,1,0,1,9,2,1,1,1142,7.04053639,1,
212,7,1,1,0,1,9,2,1,1,1079,6.983789965,1,
212,8,1,1,0,1,9,2,1,2,1005,6.91274282,1,
212,9,1,1,0,1,9,2,1,1,998,6.905753276,0,
212,10,1,1,0,1,9,2,1,1,989,6.896694332,0,
212,11,1,1,0,1,9,2,1,1,979,6.886531643,0,
212,12,1,1,0,1,9,2,1,1,971,6.878326468,0,
212,13,1,1,0,1,9,2,1,2,943,6.849066283,0,
212,14,1,1,0,1,9,2,1,1,938,6.843749949,0,
212,15,1,1,0,1,9,2,1,1,917,6.821107472,0,
212,16,1,1,0,1,9,2,1,2,916,6.820016365,0,
212,17,1,1,0,1,9,2,1,1,914,6.817830571,0,
212,18,1,1,0,1,9,2,1,2,785,6.665683718,0,
212,19,1,1,0,1,9,2,1,2,755,6.626717749,0,
212,20,1,1,0,1,9,2,1,3,734,6.598509029,0,
212,21,1,1,0,1,9,2,1,2,593,6.385194399,0,
212,22,1,1,0,1,9,2,1,3,592,6.383506635,0,
212,23,1,1,0,1,9,2,1,3,574,6.352629396,0,
213,1,1,1,0,1,7,2,1,2,1250,7.13089883,1,
213,2,1,1,0,1,7,2,1,2,1219,7.105786129,1,
213,3,1,1,0,1,7,2,1,2,1195,7.085901464,1,
213,4,1,1,0,1,7,2,1,2,1176,7.069874128,1,
213,5,1,1,0,1,7,2,1,2,1172,7.06646697,1,
213,6,1,1,0,1,7,2,1,2,1172,7.06646697,1,
213,7,1,1,0,1,7,2,1,2,1171,7.065613364,1,
213,8,1,1,0,1,7,2,1,2,1159,7.055312843,1,
213,9,1,1,0,1,7,2,1,1,1153,7.05012252,1,
213,10,1,1,0,1,7,2,1,2,1138,7.037027615,1,
213,11,1,1,0,1,7,2,1,2,1135,7.03438793,1,
213,12,1,1,0,1,7,2,1,2,1131,7.030857476,1,
213,13,1,1,0,1,7,2,1,1,1129,7.029087564,1,
213,14,1,1,0,1,7,2,1,2,1126,7.026426809,1,
213,15,1,1,0,1,7,2,1,2,1120,7.021083964,1,
213,16,1,1,0,1,7,2,1,2,1104,7.006695227,1,
213,17,1,1,0,1,7,2,1,2,1093,6.996681488,1,
213,18,1,1,0,1,7,2,1,1,1091,6.994849986,1,
213,19,1,1,0,1,7,2,1,2,1087,6.991176887,1,
213,20,1,1,0,1,7,2,1,2,1085,6.989335266,1,
213,21,1,1,0,1,7,2,1,2,1076,6.981005741,1,
213,22,1,1,0,1,7,2,1,2,1073,6.978213743,1,
213,23,1,1,0,1,7,2,1,2,1071,6.97634807,1,
213,24,1,1,0,1,7,2,1,2,1068,6.97354302,1,
213,25,1,1,0,1,7,2,1,1,1062,6.967909202,1,
213,26,1,1,0,1,7,2,1,2,1061,6.966967139,1,
213,27,1,1,0,1,7,2,1,2,1059,6.965080346,1,
213,28,1,1,0,1,7,2,1,2,1053,6.959398512,1,
213,29,1,1,0,1,7,2,1,2,1046,6.952728645,1,
213,30,1,1,0,1,7,2,1,1,1044,6.950814768,1,
213,31,1,1,0,1,7,2,1,2,1043,6.949856455,1,
213,32,1,1,0,1,7,2,1,1,1038,6.945051064,1,
213,33,1,1,0,1,7,2,1,1,1031,6.938284484,1,
213,34,1,1,0,1,7,2,1,2,1028,6.935370446,1,
213,35,1,1,0,1,7,2,1,1,1024,6.931471806,1,
213,36,1,1,0,1,7,2,1,1,1022,6.929516771,1,
213,37,1,1,0,1,7,2,1,2,1020,6.927557906,1,
213,38,1,1,0,1,7,2,1,2,1020,6.927557906,1,
213,39,1,1,0,1,7,2,1,2,1020,6.927557906,1,
213,40,1,1,0,1,7,2,1,2,1018,6.925595197,1,
213,41,1,1,0,1,7,2,1,1,1016,6.923628628,1,
213,42,1,1,0,1,7,2,1,2,1014,6.921658184,1,
213,43,1,1,0,1,7,2,1,1,1010,6.91770561,1,
213,44,1,1,0,1,7,2,1,1,996,6.903747258,0,
213,45,1,1,0,1,7,2,1,2,994,6.901737207,0,
213,46,1,1,0,1,7,2,1,2,990,6.897704943,0,
213,47,1,1,0,1,7,2,1,2,986,6.893656355,0,
213,48,1,1,0,1,7,2,1,1,983,6.89060912,0,
213,49,1,1,0,1,7,2,1,2,976,6.883462586,0,
213,50,1,1,0,1,7,2,1,2,976,6.883462586,0,
213,51,1,1,0,1,7,2,1,2,970,6.877296071,0,
213,52,1,1,0,1,7,2,1,2,969,6.876264612,0,
213,53,1,1,0,1,7,2,1,2,967,6.874198495,0,
213,54,1,1,0,1,7,2,1,2,966,6.873163834,0,
213,55,1,1,0,1,7,2,1,2,965,6.872128101,0,
213,56,1,1,0,1,7,2,1,1,961,6.867974409,0,
213,57,1,1,0,1,7,2,1,1,960,6.866933284,0,
213,58,1,1,0,1,7,2,1,1,958,6.864847778,0,
213,59,1,1,0,1,7,2,1,2,944,6.850126166,0,
213,60,1,1,0,1,7,2,1,1,942,6.848005275,0,
213,61,1,1,0,1,7,2,1,1,940,6.845879875,0,
213,62,1,1,0,1,7,2,1,2,940,6.845879875,0,
213,63,1,1,0,1,7,2,1,1,939,6.844815479,0,
213,64,1,1,0,1,7,2,1,2,938,6.843749949,0,
213,65,1,1,0,1,7,2,1,1,937,6.842683282,0,
213,66,1,1,0,1,7,2,1,1,934,6.839476438,0,
213,67,1,1,0,1,7,2,1,1,934,6.839476438,0,
213,68,1,1,0,1,7,2,1,1,926,6.830874235,0,
213,69,1,1,0,1,7,2,1,2,924,6.828712072,0,
213,70,1,1,0,1,7,2,1,1,922,6.826545224,0,
213,71,1,1,0,1,7,2,1,2,922,6.826545224,0,
213,72,1,1,0,1,7,2,1,1,919,6.823286122,0,
213,73,1,1,0,1,7,2,1,2,917,6.821107472,0,
213,74,1,1,0,1,7,2,1,1,917,6.821107472,0,
213,75,1,1,0,1,7,2,1,2,912,6.81563999,0,
213,76,1,1,0,1,7,2,1,2,905,6.807934944,0,
213,77,1,1,0,1,7,2,1,1,904,6.80682936,0,
213,78,1,1,0,1,7,2,1,1,903,6.805722553,0,
213,79,1,1,0,1,7,2,1,1,899,6.801283034,0,
213,80,1,1,0,1,7,2,1,1,898,6.800170068,0,
213,81,1,1,0,1,7,2,1,1,894,6.795705775,0,
213,82,1,1,0,1,7,2,1,1,890,6.791221463,0,
213,83,1,1,0,1,7,2,1,1,888,6.788971743,0,
213,84,1,1,0,1,7,2,1,1,881,6.781057626,0,
213,85,1,1,0,1,7,2,1,2,876,6.775366091,0,
213,86,1,1,0,1,7,2,1,2,874,6.773080376,0,
213,87,1,1,0,1,7,2,1,1,868,6.766191715,0,
213,88,1,1,0,1,7,2,1,1,865,6.762729507,0,
213,89,1,1,0,1,7,2,1,1,863,6.760414691,0,
213,90,1,1,0,1,7,2,1,2,860,6.756932389,0,
213,91,1,1,0,1,7,2,1,1,857,6.753437919,0,
213,92,1,1,0,1,7,2,1,1,856,6.752270376,0,
213,93,1,1,0,1,7,2,1,1,854,6.749931194,0,
213,94,1,1,0,1,7,2,1,1,849,6.744059186,0,
213,95,1,1,0,1,7,2,1,1,847,6.741700695,0,
213,96,1,1,0,1,7,2,1,1,846,6.74051936,0,
213,97,1,1,0,1,7,2,1,1,845,6.739336627,0,
213,98,1,1,0,1,7,2,1,1,844,6.738152495,0,
213,99,1,1,0,1,7,2,1,1,843,6.736966958,0,
213,100,1,1,0,1,7,2,1,1,842,6.735780014,0,
213,101,1,1,0,1,7,2,1,1,842,6.735780014,0,
213,102,1,1,0,1,7,2,1,1,838,6.7310181,0,
213,103,1,1,0,1,7,2,1,1,837,6.72982407,0,
213,104,1,1,0,1,7,2,1,1,835,6.727431725,0,
213,105,1,1,0,1,7,2,1,1,833,6.725033642,0,
213,106,1,1,0,1,7,2,1,1,833,6.725033642,0,
213,107,1,1,0,1,7,2,1,1,832,6.723832441,0,
213,108,1,1,0,1,7,2,1,1,831,6.722629795,0,
213,109,1,1,0,1,7,2,1,1,831,6.722629795,0,
213,110,1,1,0,1,7,2,1,1,828,6.719013154,0,
213,111,1,1,0,1,7,2,1,1,826,6.716594774,0,
213,112,1,1,0,1,7,2,1,1,820,6.70930434,0,
213,113,1,1,0,1,7,2,1,1,819,6.708084084,0,
213,114,1,1,0,1,7,2,1,1,815,6.703188113,0,
213,115,1,1,0,1,7,2,1,1,814,6.701960366,0,
213,116,1,1,0,1,7,2,1,1,814,6.701960366,0,
213,117,1,1,0,1,7,2,1,1,814,6.701960366,0,
213,118,1,1,0,1,7,2,1,1,810,6.697034248,0,
213,119,1,1,0,1,7,2,1,1,809,6.695798917,0,
213,120,1,1,0,1,7,2,1,1,808,6.694562059,0,
213,121,1,1,0,1,7,2,1,1,808,6.694562059,0,
213,122,1,1,0,1,7,2,1,1,806,6.692083743,0,
213,123,1,1,0,1,7,2,1,1,802,6.687108608,0,
213,124,1,1,0,1,7,2,1,1,798,6.682108597,0,
213,125,1,1,0,1,7,2,1,1,798,6.682108597,0,
213,126,1,1,0,1,7,2,1,1,798,6.682108597,0,
213,127,1,1,0,1,7,2,1,1,795,6.678342115,0,
213,128,1,1,0,1,7,2,1,1,794,6.677083461,0,
213,129,1,1,0,1,7,2,1,1,791,6.673297968,0,
213,130,1,1,0,1,7,2,1,1,789,6.670766321,0,
213,131,1,1,0,1,7,2,1,1,786,6.666956792,0,
213,132,1,1,0,1,7,2,1,1,785,6.665683718,0,
213,133,1,1,0,1,7,2,1,1,784,6.66440902,0,
213,134,1,1,0,1,7,2,1,1,783,6.663132696,0,
213,135,1,1,0,1,7,2,1,1,781,6.66057515,0,
213,136,1,1,0,1,7,2,1,1,776,6.65415252,0,
213,137,1,1,0,1,7,2,1,1,775,6.652863029,0,
213,138,1,1,0,1,7,2,1,1,775,6.652863029,0,
213,139,1,1,0,1,7,2,1,1,774,6.651571874,0,
213,140,1,1,0,1,7,2,1,1,768,6.643789733,0,
213,141,1,1,0,1,7,2,1,1,765,6.639875834,0,
213,142,1,1,0,1,7,2,1,1,765,6.639875834,0,
213,143,1,1,0,1,7,2,1,1,764,6.638567789,0,
213,144,1,1,0,1,7,2,1,1,764,6.638567789,0,
213,145,1,1,0,1,7,2,1,1,763,6.637258031,0,
213,146,1,1,0,1,7,2,1,1,762,6.635946556,0,
213,147,1,1,0,1,7,2,1,1,756,6.628041376,0,
213,148,1,1,0,1,7,2,1,1,752,6.622736324,0,
213,149,1,1,0,1,7,2,1,1,749,6.618738984,0,
213,150,1,1,0,1,7,2,1,1,748,6.617402978,0,
213,151,1,1,0,1,7,2,1,1,745,6.613384218,0,
213,152,1,1,0,1,7,2,1,1,740,6.606650186,0,
213,153,1,1,0,1,7,2,1,1,740,6.606650186,0,
213,154,1,1,0,1,7,2,1,1,734,6.598509029,0,
213,155,1,1,0,1,7,2,1,1,726,6.587550015,0,
213,156,1,1,0,1,7,2,1,1,725,6.586171655,0,
213,157,1,1,0,1,7,2,1,1,724,6.584791392,0,
213,158,1,1,0,1,7,2,1,1,722,6.582025139,0,
213,159,1,1,0,1,7,2,1,1,718,6.576469569,0,
213,160,1,1,0,1,7,2,1,1,714,6.570882962,0,
213,161,1,1,0,1,7,2,1,1,714,6.570882962,0,
213,162,1,1,0,1,7,2,1,1,713,6.56948142,0,
213,163,1,1,0,1,7,2,1,1,713,6.56948142,0,
213,164,1,1,0,1,7,2,1,1,709,6.563855527,0,
213,165,1,1,0,1,7,2,1,1,699,6.549650742,0,
213,166,1,1,0,1,7,2,1,1,698,6.548219103,0,
213,167,1,1,0,1,7,2,1,1,696,6.54534966,0,
213,168,1,1,0,1,7,2,1,1,693,6.541029999,0,
213,169,1,1,0,1,7,2,1,1,687,6.532334292,0,
213,170,1,1,0,1,7,2,1,1,687,6.532334292,0,
213,171,1,1,0,1,7,2,1,1,682,6.525029658,0,
213,172,1,1,0,1,7,2,1,1,673,6.51174533,0,
213,173,1,1,0,1,7,2,1,1,668,6.504288174,0,
213,174,1,1,0,1,7,2,1,1,668,6.504288174,0,
213,175,1,1,0,1,7,2,1,1,663,6.49677499,0,
213,176,1,1,0,1,7,2,1,1,652,6.480044562,0,
213,177,1,1,0,1,7,2,1,1,639,6.459904454,0,
213,178,1,1,0,1,7,2,1,1,631,6.447305863,0,
213,179,1,1,0,1,7,2,1,1,630,6.445719819,0,
213,180,1,1,0,1,7,2,1,1,605,6.405228458,0,
213,181,1,1,0,1,7,2,1,1,597,6.391917113,0,
213,182,1,1,0,1,7,2,1,1,579,6.361302478,0,
213,183,1,1,0,1,7,2,1,1,576,6.356107661,0,
213,184,1,1,0,1,7,2,1,1,562,6.33150185,0,
213,185,1,1,0,1,7,2,1,1,562,6.33150185,0,
213,186,1,1,0,1,7,2,1,1,551,6.311734809,0,
213,187,1,1,0,1,7,2,1,1,530,6.272877007,0,
213,188,1,1,0,1,7,2,1,1,523,6.259581464,0,
214,1,1,1,0,1,9,2,1,3,1174,7.068172,1,
214,2,1,1,0,1,9,2,1,3,1173,7.067319849,1,
214,3,1,1,0,1,9,2,1,2,1153,7.05012252,1,
214,4,1,1,0,1,9,2,1,3,1145,7.043159916,1,
214,5,1,1,0,1,9,2,1,1,1133,7.032624261,1,
214,6,1,1,0,1,9,2,1,3,1126,7.026426809,1,
214,7,1,1,0,1,9,2,1,1,1116,7.017506143,1,
214,8,1,1,0,1,9,2,1,3,1114,7.01571242,1,
214,9,1,1,0,1,9,2,1,2,1114,7.01571242,1,
214,10,1,1,0,1,9,2,1,1,1098,7.001245622,1,
214,11,1,1,0,1,9,2,1,1,1091,6.994849986,1,
214,12,1,1,0,1,9,2,1,2,1078,6.982862751,1,
214,13,1,1,0,1,9,2,1,3,1057,6.963189986,1,
214,14,1,1,0,1,9,2,1,2,1045,6.951772164,1,
214,15,1,1,0,1,9,2,1,2,1035,6.942156706,1,
214,16,1,1,0,1,9,2,1,1,1029,6.936342736,1,
214,17,1,1,0,1,9,2,1,2,1009,6.91671502,1,
214,18,1,1,0,1,9,2,1,3,1005,6.91274282,1,
214,19,1,1,0,1,9,2,1,2,1003,6.910750788,1,
214,20,1,1,0,1,9,2,1,1,981,6.88857246,0,
214,21,1,1,0,1,9,2,1,1,967,6.874198495,0,
214,22,1,1,0,1,9,2,1,1,965,6.872128101,0,
214,23,1,1,0,1,9,2,1,1,959,6.865891075,0,
214,24,1,1,0,1,9,2,1,3,951,6.857514063,0,
214,25,1,1,0,1,9,2,1,3,940,6.845879875,0,
214,26,1,1,0,1,9,2,1,1,939,6.844815479,0,
214,27,1,1,0,1,9,2,1,1,935,6.840546529,0,
214,28,1,1,0,1,9,2,1,1,933,6.838405201,0,
214,29,1,1,0,1,9,2,1,1,922,6.826545224,0,
214,30,1,1,0,1,9,2,1,1,920,6.82437367,0,
214,31,1,1,0,1,9,2,1,2,919,6.823286122,0,
214,32,1,1,0,1,9,2,1,1,917,6.821107472,0,
214,33,1,1,0,1,9,2,1,3,916,6.820016365,0,
214,34,1,1,0,1,9,2,1,3,916,6.820016365,0,
214,35,1,1,0,1,9,2,1,3,916,6.820016365,0,
214,36,1,1,0,1,9,2,1,1,915,6.818924065,0,
214,37,1,1,0,1,9,2,1,1,914,6.817830571,0,
214,38,1,1,0,1,9,2,1,1,913,6.816735881,0,
214,39,1,1,0,1,9,2,1,1,909,6.812345094,0,
214,40,1,1,0,1,9,2,1,1,907,6.81014245,0,
214,41,1,1,0,1,9,2,1,3,906,6.809039306,0,
214,42,1,1,0,1,9,2,1,1,906,6.809039306,0,
214,43,1,1,0,1,9,2,1,3,904,6.80682936,0,
214,44,1,1,0,1,9,2,1,1,897,6.799055862,0,
214,45,1,1,0,1,9,2,1,1,892,6.793466133,0,
214,46,1,1,0,1,9,2,1,1,883,6.783325201,0,
214,47,1,1,0,1,9,2,1,1,878,6.777646594,0,
214,48,1,1,0,1,9,2,1,3,877,6.776506992,0,
214,49,1,1,0,1,9,2,1,1,876,6.775366091,0,
214,50,1,1,0,1,9,2,1,1,876,6.775366091,0,
214,51,1,1,0,1,9,2,1,1,875,6.774223886,0,
214,52,1,1,0,1,9,2,1,1,875,6.774223886,0,
214,53,1,1,0,1,9,2,1,1,871,6.769641977,0,
214,54,1,1,0,1,9,2,1,1,863,6.760414691,0,
214,55,1,1,0,1,9,2,1,1,857,6.753437919,0,
214,56,1,1,0,1,9,2,1,2,856,6.752270376,0,
214,57,1,1,0,1,9,2,1,3,846,6.74051936,0,
214,58,1,1,0,1,9,2,1,1,845,6.739336627,0,
214,59,1,1,0,1,9,2,1,1,843,6.736966958,0,
214,60,1,1,0,1,9,2,1,3,840,6.733401892,0,
214,61,1,1,0,1,9,2,1,1,835,6.727431725,0,
214,62,1,1,0,1,9,2,1,1,834,6.726233402,0,
214,63,1,1,0,1,9,2,1,1,833,6.725033642,0,
214,64,1,1,0,1,9,2,1,1,832,6.723832441,0,
214,65,1,1,0,1,9,2,1,1,830,6.721425701,0,
214,66,1,1,0,1,9,2,1,3,829,6.720220155,0,
214,67,1,1,0,1,9,2,1,1,828,6.719013154,0,
214,68,1,1,0,1,9,2,1,1,827,6.717804695,0,
214,69,1,1,0,1,9,2,1,1,822,6.711740395,0,
214,70,1,1,0,1,9,2,1,1,821,6.710523109,0,
214,71,1,1,0,1,9,2,1,1,821,6.710523109,0,
214,72,1,1,0,1,9,2,1,3,820,6.70930434,0,
214,73,1,1,0,1,9,2,1,3,817,6.705639095,0,
214,74,1,1,0,1,9,2,1,1,817,6.705639095,0,
214,75,1,1,0,1,9,2,1,3,814,6.701960366,0,
214,76,1,1,0,1,9,2,1,3,812,6.69950034,0,
214,77,1,1,0,1,9,2,1,2,811,6.698268054,0,
214,78,1,1,0,1,9,2,1,3,809,6.695798917,0,
214,79,1,1,0,1,9,2,1,1,809,6.695798917,0,
214,80,1,1,0,1,9,2,1,1,808,6.694562059,0,
214,81,1,1,0,1,9,2,1,3,807,6.693323668,0,
214,82,1,1,0,1,9,2,1,1,807,6.693323668,0,
214,83,1,1,0,1,9,2,1,1,805,6.690842277,0,
214,84,1,1,0,1,9,2,1,1,804,6.689599269,0,
214,85,1,1,0,1,9,2,1,1,798,6.682108597,0,
214,86,1,1,0,1,9,2,1,1,797,6.680854679,0,
214,87,1,1,0,1,9,2,1,1,796,6.679599186,0,
214,88,1,1,0,1,9,2,1,1,795,6.678342115,0,
214,89,1,1,0,1,9,2,1,2,793,6.675823222,0,
214,90,1,1,0,1,9,2,1,1,791,6.673297968,0,
214,91,1,1,0,1,9,2,1,1,790,6.672032945,0,
214,92,1,1,0,1,9,2,1,1,783,6.663132696,0,
214,93,1,1,0,1,9,2,1,1,783,6.663132696,0,
214,94,1,1,0,1,9,2,1,1,783,6.663132696,0,
214,95,1,1,0,1,9,2,1,3,782,6.661854741,0,
214,96,1,1,0,1,9,2,1,2,781,6.66057515,0,
214,97,1,1,0,1,9,2,1,1,780,6.65929392,0,
214,98,1,1,0,1,9,2,1,1,780,6.65929392,0,
214,99,1,1,0,1,9,2,1,1,776,6.65415252,0,
214,100,1,1,0,1,9,2,1,1,775,6.652863029,0,
214,101,1,1,0,1,9,2,1,1,774,6.651571874,0,
214,102,1,1,0,1,9,2,1,1,772,6.64898455,0,
214,103,1,1,0,1,9,2,1,1,771,6.647688374,0,
214,104,1,1,0,1,9,2,1,3,769,6.64509097,0,
214,105,1,1,0,1,9,2,1,1,769,6.64509097,0,
214,106,1,1,0,1,9,2,1,1,768,6.643789733,0,
214,107,1,1,0,1,9,2,1,1,764,6.638567789,0,
214,108,1,1,0,1,9,2,1,1,761,6.634633358,0,
214,109,1,1,0,1,9,2,1,1,758,6.630683386,0,
214,110,1,1,0,1,9,2,1,1,754,6.625392368,0,
214,111,1,1,0,1,9,2,1,1,751,6.621405652,0,
214,112,1,1,0,1,9,2,1,1,751,6.621405652,0,
214,113,1,1,0,1,9,2,1,1,748,6.617402978,0,
214,114,1,1,0,1,9,2,1,2,747,6.616065185,0,
214,115,1,1,0,1,9,2,1,1,747,6.616065185,0,
214,116,1,1,0,1,9,2,1,1,746,6.6147256,0,
214,117,1,1,0,1,9,2,1,1,745,6.613384218,0,
214,118,1,1,0,1,9,2,1,1,745,6.613384218,0,
214,119,1,1,0,1,9,2,1,1,745,6.613384218,0,
214,120,1,1,0,1,9,2,1,1,744,6.612041035,0,
214,121,1,1,0,1,9,2,1,1,742,6.609349243,0,
214,122,1,1,0,1,9,2,1,1,739,6.605297921,0,
214,123,1,1,0,1,9,2,1,1,739,6.605297921,0,
214,124,1,1,0,1,9,2,1,2,737,6.602587892,0,
214,125,1,1,0,1,9,2,1,1,736,6.601230119,0,
214,126,1,1,0,1,9,2,1,1,736,6.601230119,0,
214,127,1,1,0,1,9,2,1,1,735,6.599870499,0,
214,128,1,1,0,1,9,2,1,2,734,6.598509029,0,
214,129,1,1,0,1,9,2,1,1,734,6.598509029,0,
214,130,1,1,0,1,9,2,1,1,733,6.597145702,0,
214,131,1,1,0,1,9,2,1,1,731,6.59441346,0,
214,132,1,1,0,1,9,2,1,1,731,6.59441346,0,
214,133,1,1,0,1,9,2,1,1,730,6.593044534,0,
214,134,1,1,0,1,9,2,1,1,727,6.588926478,0,
214,135,1,1,0,1,9,2,1,1,726,6.587550015,0,
214,136,1,1,0,1,9,2,1,1,724,6.584791392,0,
214,137,1,1,0,1,9,2,1,1,724,6.584791392,0,
214,138,1,1,0,1,9,2,1,1,723,6.583409222,0,
214,139,1,1,0,1,9,2,1,1,721,6.580639137,0,
214,140,1,1,0,1,9,2,1,1,720,6.579251212,0,
214,141,1,1,0,1,9,2,1,1,718,6.576469569,0,
214,142,1,1,0,1,9,2,1,1,715,6.572282543,0,
214,143,1,1,0,1,9,2,1,1,715,6.572282543,0,
214,144,1,1,0,1,9,2,1,2,710,6.56526497,0,
214,145,1,1,0,1,9,2,1,1,705,6.558197803,0,
214,146,1,1,0,1,9,2,1,1,705,6.558197803,0,
214,147,1,1,0,1,9,2,1,2,703,6.555356892,0,
214,148,1,1,0,1,9,2,1,3,700,6.551080335,0,
214,149,1,1,0,1,9,2,1,1,699,6.549650742,0,
214,150,1,1,0,1,9,2,1,1,699,6.549650742,0,
214,151,1,1,0,1,9,2,1,1,693,6.541029999,0,
214,152,1,1,0,1,9,2,1,1,687,6.532334292,0,
214,153,1,1,0,1,9,2,1,1,686,6.530877628,0,
214,154,1,1,0,1,9,2,1,1,685,6.529418838,0,
214,155,1,1,0,1,9,2,1,1,684,6.527957918,0,
214,156,1,1,0,1,9,2,1,1,682,6.525029658,0,
214,157,1,1,0,1,9,2,1,1,678,6.519147288,0,
214,158,1,1,0,1,9,2,1,1,655,6.484635236,0,
214,159,1,1,0,1,9,2,1,1,648,6.473890696,0,
214,160,1,1,0,1,9,2,1,3,646,6.470799504,0,
214,161,1,1,0,1,9,2,1,1,644,6.467698726,0,
214,162,1,1,0,1,9,2,1,1,644,6.467698726,0,
214,163,1,1,0,1,9,2,1,1,640,6.461468176,0,
214,164,1,1,0,1,9,2,1,3,636,6.455198563,0,
214,165,1,1,0,1,9,2,1,1,635,6.453624999,0,
214,166,1,1,0,1,9,2,1,1,618,6.426488457,0,
214,167,1,1,0,1,9,2,1,1,614,6.419994928,0,
214,168,1,1,0,1,9,2,1,3,595,6.388561406,0,
214,169,1,1,0,1,9,2,1,3,593,6.385194399,0,
214,170,1,1,0,1,9,2,1,3,593,6.385194399,0,
214,171,1,1,0,1,9,2,1,3,593,6.385194399,0,
214,172,1,1,0,1,9,2,1,3,592,6.383506635,0,
214,173,1,1,0,1,9,2,1,1,585,6.371611847,0,
214,174,1,1,0,1,9,2,1,3,578,6.359573869,0,
214,175,1,1,0,1,9,2,1,3,569,6.343880434,0,
214,176,1,1,0,1,9,2,1,3,569,6.343880434,0,
214,177,1,1,0,1,9,2,1,1,567,6.340359304,0,
214,178,1,1,0,1,9,2,1,3,560,6.327936784,0,
214,179,1,1,0,1,9,2,1,1,558,6.324358962,0,
214,180,1,1,0,1,9,2,1,3,557,6.32256524,0,
214,181,1,1,0,1,9,2,1,3,556,6.320768294,0,
214,182,1,1,0,1,9,2,1,1,551,6.311734809,0,
214,183,1,1,0,1,9,2,1,3,548,6.306275287,0,
214,184,1,1,0,1,9,2,1,3,545,6.300785795,0,
214,185,1,1,0,1,9,2,1,2,543,6.29710932,0,
214,186,1,1,0,1,9,2,1,2,543,6.29710932,0,
214,187,1,1,0,1,9,2,1,3,542,6.295266001,0,
214,188,1,1,0,1,9,2,1,3,540,6.29156914,0,
214,189,1,1,0,1,9,2,1,2,498,6.210600077,0,
215,1,1,1,0,1,9,2,1,2,1259,7.138073034,1,
215,2,1,1,0,1,9,2,1,2,1255,7.134890852,1,
215,3,1,1,0,1,9,2,1,1,1251,7.13169851,1,
215,4,1,1,0,1,9,2,1,1,1247,7.128495946,1,
215,5,1,1,0,1,9,2,1,1,1247,7.128495946,1,
215,6,1,1,0,1,9,2,1,2,1234,7.118016204,1,
215,7,1,1,0,1,9,2,1,1,1231,7.115582126,1,
215,8,1,1,0,1,9,2,1,1,1212,7.100027167,1,
215,9,1,1,0,1,9,2,1,1,1205,7.094234846,1,
215,10,1,1,0,1,9,2,1,1,1175,7.069023427,1,
215,11,1,1,0,1,9,2,1,1,1163,7.058758153,1,
215,12,1,1,0,1,9,2,1,1,1162,7.057897937,1,
215,13,1,1,0,1,9,2,1,1,1158,7.054449658,1,
215,14,1,1,0,1,9,2,1,1,1146,7.044032897,1,
215,15,1,1,0,1,9,2,1,1,1135,7.03438793,1,
215,16,1,1,0,1,9,2,1,1,1132,7.031741259,1,
215,17,1,1,0,1,9,2,1,1,1117,7.018401799,1,
215,18,1,1,0,1,9,2,1,3,1101,7.003974137,1,
215,19,1,1,0,1,9,2,1,1,1099,7.002155954,1,
215,20,1,1,0,1,9,2,1,1,1098,7.001245622,1,
215,21,1,1,0,1,9,2,1,3,1092,6.995766156,1,
215,22,1,1,0,1,9,2,1,1,1089,6.993015123,1,
215,23,1,1,0,1,9,2,1,3,1088,6.992096427,1,
215,24,1,1,0,1,9,2,1,2,1081,6.985641818,1,
215,25,1,1,0,1,9,2,1,1,1077,6.981934677,1,
215,26,1,1,0,1,9,2,1,1,1077,6.981934677,1,
215,27,1,1,0,1,9,2,1,1,1074,6.979145275,1,
215,28,1,1,0,1,9,2,1,3,1069,6.974478911,1,
215,29,1,1,0,1,9,2,1,3,1067,6.972606251,1,
215,30,1,1,0,1,9,2,1,1,1065,6.970730078,1,
215,31,1,1,0,1,9,2,1,3,1064,6.96979067,1,
215,32,1,1,0,1,9,2,1,2,1058,6.964135612,1,
215,33,1,1,0,1,9,2,1,2,1057,6.963189986,1,
215,34,1,1,0,1,9,2,1,1,1057,6.963189986,1,
215,35,1,1,0,1,9,2,1,2,1055,6.961296046,1,
215,36,1,1,0,1,9,2,1,2,1052,6.958448393,1,
215,37,1,1,0,1,9,2,1,2,1048,6.954638865,1,
215,38,1,1,0,1,9,2,1,1,1047,6.953684211,1,
215,39,1,1,0,1,9,2,1,2,1042,6.948897222,1,
215,40,1,1,0,1,9,2,1,2,1042,6.948897222,1,
215,41,1,1,0,1,9,2,1,2,1042,6.948897222,1,
215,42,1,1,0,1,9,2,1,2,1037,6.944087208,1,
215,43,1,1,0,1,9,2,1,1,1033,6.940222469,1,
215,44,1,1,0,1,9,2,1,3,1032,6.939253946,1,
215,45,1,1,0,1,9,2,1,1,1030,6.937314081,1,
215,46,1,1,0,1,9,2,1,2,1028,6.935370446,1,
215,47,1,1,0,1,9,2,1,3,1015,6.922643891,1,
215,48,1,1,0,1,9,2,1,2,1015,6.922643891,1,
215,49,1,1,0,1,9,2,1,2,1014,6.921658184,1,
215,50,1,1,0,1,9,2,1,2,1013,6.920671504,1,
215,51,1,1,0,1,9,2,1,1,1007,6.914730893,1,
215,52,1,1,0,1,9,2,1,1,1004,6.9117473,1,
215,53,1,1,0,1,9,2,1,1,1001,6.908754779,1,
215,54,1,1,0,1,9,2,1,3,996,6.903747258,0,
215,55,1,1,0,1,9,2,1,2,990,6.897704943,0,
215,56,1,1,0,1,9,2,1,1,985,6.892641641,0,
215,57,1,1,0,1,9,2,1,1,967,6.874198495,0,
215,58,1,1,0,1,9,2,1,2,966,6.873163834,0,
215,59,1,1,0,1,9,2,1,2,963,6.870053412,0,
215,60,1,1,0,1,9,2,1,3,962,6.869014451,0,
215,61,1,1,0,1,9,2,1,2,958,6.864847778,0,
215,62,1,1,0,1,9,2,1,2,954,6.860663671,0,
215,63,1,1,0,1,9,2,1,2,951,6.857514063,0,
215,64,1,1,0,1,9,2,1,2,949,6.855408799,0,
215,65,1,1,0,1,9,2,1,3,929,6.834108739,0,
215,66,1,1,0,1,9,2,1,1,929,6.834108739,0,
215,67,1,1,0,1,9,2,1,1,929,6.834108739,0,
215,68,1,1,0,1,9,2,1,1,927,6.831953566,0,
215,69,1,1,0,1,9,2,1,1,922,6.826545224,0,
215,70,1,1,0,1,9,2,1,1,921,6.825460036,0,
215,71,1,1,0,1,9,2,1,1,921,6.825460036,0,
215,72,1,1,0,1,9,2,1,3,920,6.82437367,0,
215,73,1,1,0,1,9,2,1,1,912,6.81563999,0,
215,74,1,1,0,1,9,2,1,1,910,6.8134446,0,
215,75,1,1,0,1,9,2,1,2,905,6.807934944,0,
215,76,1,1,0,1,9,2,1,2,899,6.801283034,0,
215,77,1,1,0,1,9,2,1,2,899,6.801283034,0,
215,78,1,1,0,1,9,2,1,1,894,6.795705775,0,
215,79,1,1,0,1,9,2,1,2,891,6.792344427,0,
215,80,1,1,0,1,9,2,1,2,890,6.791221463,0,
215,81,1,1,0,1,9,2,1,3,889,6.790097236,0,
215,82,1,1,0,1,9,2,1,2,879,6.778784898,0,
215,83,1,1,0,1,9,2,1,1,875,6.774223886,0,
215,84,1,1,0,1,9,2,1,2,874,6.773080376,0,
215,85,1,1,0,1,9,2,1,2,873,6.771935556,0,
215,86,1,1,0,1,9,2,1,3,860,6.756932389,0,
215,87,1,1,0,1,9,2,1,1,859,6.755768922,0,
215,88,1,1,0,1,9,2,1,1,857,6.753437919,0,
215,89,1,1,0,1,9,2,1,1,848,6.742880636,0,
215,90,1,1,0,1,9,2,1,1,845,6.739336627,0,
215,91,1,1,0,1,9,2,1,2,843,6.736966958,0,
215,92,1,1,0,1,9,2,1,1,835,6.727431725,0,
215,93,1,1,0,1,9,2,1,1,835,6.727431725,0,
215,94,1,1,0,1,9,2,1,1,832,6.723832441,0,
215,95,1,1,0,1,9,2,1,1,829,6.720220155,0,
215,96,1,1,0,1,9,2,1,1,821,6.710523109,0,
215,97,1,1,0,1,9,2,1,1,814,6.701960366,0,
215,98,1,1,0,1,9,2,1,2,809,6.695798917,0,
215,99,1,1,0,1,9,2,1,1,805,6.690842277,0,
215,100,1,1,0,1,9,2,1,1,802,6.687108608,0,
215,101,1,1,0,1,9,2,1,1,791,6.673297968,0,
215,102,1,1,0,1,9,2,1,1,779,6.658011046,0,
215,103,1,1,0,1,9,2,1,1,775,6.652863029,0,
215,104,1,1,0,1,9,2,1,1,774,6.651571874,0,
215,105,1,1,0,1,9,2,1,1,773,6.650279049,0,
215,106,1,1,0,1,9,2,1,1,772,6.64898455,0,
215,107,1,1,0,1,9,2,1,1,770,6.646390515,0,
215,108,1,1,0,1,9,2,1,1,757,6.629363253,0,
215,109,1,1,0,1,9,2,1,1,692,6.539585956,0,
215,110,1,1,0,1,9,2,1,1,610,6.413458957,0,
215,111,1,1,0,1,9,2,1,1,581,6.364750757,0,
216,1,1,2,1,2,1,1,1,3,688,6.533788838,0,
216,2,1,2,1,2,1,1,1,3,838,6.7310181,0,
216,3,1,2,1,2,1,1,1,3,805,6.690842277,0,
216,4,1,2,1,2,1,1,1,3,788,6.66949809,0,
216,5,1,2,1,2,1,1,1,3,765,6.639875834,0,
216,6,1,2,1,2,1,1,1,3,834,6.726233402,0,
216,7,1,2,1,2,1,1,1,3,857,6.753437919,0,
216,8,1,2,1,2,1,1,1,3,857,6.753437919,0,
216,9,1,2,1,2,1,1,1,3,794,6.677083461,0,
216,10,1,2,1,2,1,1,1,3,841,6.73459166,0,
216,11,1,2,1,2,1,1,1,3,842,6.735780014,0,
216,12,1,2,1,2,1,1,1,3,853,6.748759547,0,
216,13,1,2,1,2,1,1,1,3,916,6.820016365,0,
216,14,1,2,1,2,1,1,1,3,923,6.827629235,0,
216,15,1,2,1,2,1,1,1,3,925,6.829793738,0,
216,16,1,2,1,2,1,1,1,3,893,6.794586581,0,
216,17,1,2,1,2,1,1,1,3,870,6.768493212,0,
216,18,1,2,1,2,1,1,1,3,865,6.762729507,0,
216,19,1,2,1,2,1,1,1,3,911,6.814542897,0,
216,20,1,2,1,2,1,1,1,3,841,6.73459166,0,
216,21,1,2,1,2,1,1,1,3,812,6.69950034,0,
217,1,1,2,1,2,1,1,1,3,869,6.767343125,0,
217,2,1,2,1,2,1,1,1,3,963,6.870053412,0,
217,3,1,2,1,2,1,1,1,3,924,6.828712072,0,
218,1,1,2,0,1,0,1,2,3,964,6.871091295,0,
220,1,1,2,0,1,0,1,2,3,1195,7.085901464,1,
220,2,1,2,0,1,0,1,2,3,1356,7.212294469,1,
220,3,1,2,0,1,0,1,2,3,1330,7.192934221,1,
220,4,1,2,0,1,0,1,2,3,1109,7.011213987,1,
220,5,1,2,0,1,0,1,2,3,1183,7.075808864,1,
220,6,1,2,0,1,0,1,2,3,1155,7.051855623,1,
220,7,1,2,0,1,0,1,2,3,1132,7.031741259,1,
220,8,1,2,0,1,0,1,2,3,1246,7.127693699,1,
220,9,1,2,0,1,0,1,2,3,1821,7.50714108,1,
220,10,1,2,0,1,0,1,2,3,1598,7.376508126,1,
220,11,1,2,0,1,0,1,2,3,1515,7.323170718,1,
220,12,1,2,0,1,0,1,2,3,1662,7.415776975,1,
220,13,1,2,0,1,0,1,2,3,1255,7.134890852,1,
220,14,1,2,0,1,0,1,2,3,1123,7.023758955,1,
220,15,1,2,0,1,0,1,2,3,1007,6.914730893,1,
220,16,1,2,0,1,0,1,2,3,1024,6.931471806,1,
220,17,1,2,0,1,0,1,2,3,950,6.856461985,0,
220,18,1,2,0,1,0,1,2,3,939,6.844815479,0,
220,19,1,2,0,1,0,1,2,3,1061,6.966967139,1,
220,20,1,2,0,1,0,1,2,3,1078,6.982862751,1,
220,21,1,2,0,1,0,1,2,3,995,6.902742737,0,
220,22,1,2,0,1,0,1,2,3,1031,6.938284484,1,
220,23,1,2,0,1,0,1,2,3,947,6.853299093,0,
220,24,1,2,0,1,0,1,2,3,868,6.766191715,0,
220,25,1,2,0,1,0,1,2,3,959,6.865891075,0,
220,26,1,2,0,1,0,1,2,3,906,6.809039306,0,
220,27,1,2,0,1,0,1,2,3,920,6.82437367,0,
220,28,1,2,0,1,0,1,2,3,822,6.711740395,0,
220,29,1,2,0,1,0,1,2,3,804,6.689599269,0,
220,30,1,2,0,1,0,1,2,3,755,6.626717749,0,
220,31,1,2,0,1,0,1,2,2,772,6.64898455,0,
220,32,1,2,0,1,0,1,2,2,677,6.517671273,0,
220,33,1,2,0,1,0,1,2,2,670,6.507277712,0,
220,34,1,2,0,1,0,1,2,1,657,6.487684018,0,
220,35,1,2,0,1,0,1,2,1,614,6.419994928,0,
220,36,1,2,0,1,0,1,2,1,601,6.398594935,0,
220,37,1,2,0,1,0,1,2,1,603,6.401917197,0,
220,38,1,2,0,1,0,1,2,1,574,6.352629396,0,
220,39,1,2,0,1,0,1,2,1,589,6.378426184,0,
222,1,1,2,1,2,1,1,2,1,625,6.43775165,0,
222,2,1,2,1,2,1,1,2,1,632,6.448889394,0,
222,3,1,2,1,2,1,1,2,1,617,6.424869024,0,
222,4,1,2,1,2,1,1,2,1,623,6.434546519,0,
222,5,1,2,1,2,1,1,2,1,615,6.421622268,0,
222,6,1,2,1,2,1,1,2,1,613,6.418364936,0,
222,7,1,2,1,2,1,1,2,1,647,6.472346295,0,
222,8,1,2,1,2,1,1,2,1,686,6.530877628,0,
222,9,1,2,1,2,1,1,2,2,737,6.602587892,0,
222,10,1,2,1,2,1,1,2,2,699,6.549650742,0,
222,11,1,2,1,2,1,1,2,2,770,6.646390515,0,
222,12,1,2,1,2,1,1,2,2,691,6.538139824,0,
222,13,1,2,1,2,1,1,2,3,649,6.475432717,0,
222,14,1,2,1,2,1,1,2,3,691,6.538139824,0,
222,15,1,2,1,2,1,1,2,3,678,6.519147288,0,
222,16,1,2,1,2,1,1,2,3,689,6.535241271,0,
222,17,1,2,1,2,1,1,2,3,665,6.499787041,0,
222,18,1,2,1,2,1,1,2,3,704,6.556778356,0,
222,19,1,2,1,2,1,1,2,3,739,6.605297921,0,
222,20,1,2,1,2,1,1,2,3,771,6.647688374,0,
222,21,1,2,1,2,1,1,2,3,699,6.549650742,0,
222,22,1,2,1,2,1,1,2,3,783,6.663132696,0,
222,23,1,2,1,2,1,1,2,3,663,6.49677499,0,
222,24,1,2,1,2,1,1,2,3,686,6.530877628,0,
222,25,1,2,1,2,1,1,2,3,700,6.551080335,0,
222,26,1,2,1,2,1,1,2,3,794,6.677083461,0,
222,27,1,2,1,2,1,1,2,3,763,6.637258031,0,
222,28,1,2,1,2,1,1,2,3,726,6.587550015,0,
222,29,1,2,1,2,1,1,2,3,748,6.617402978,0,
222,30,1,2,1,2,1,1,2,3,846,6.74051936,0,
222,31,1,2,1,2,1,1,2,3,765,6.639875834,0,
222,32,1,2,1,2,1,1,2,3,904,6.80682936,0,
222,33,1,2,1,2,1,1,2,3,836,6.728628613,0,
222,34,1,2,1,2,1,1,2,3,769,6.64509097,0,
222,35,1,2,1,2,1,1,2,3,795,6.678342115,0,
222,36,1,2,1,2,1,1,2,3,761,6.634633358,0,
222,37,1,2,1,2,1,1,2,3,697,6.546785411,0,
222,38,1,2,1,2,1,1,2,3,719,6.577861358,0,
222,39,1,2,1,2,1,1,2,3,792,6.674561392,0,
224,1,1,2,0,1,0,1,2,3,979,6.886531643,0,
224,2,1,2,0,1,0,1,2,3,941,6.84694314,0,
224,3,1,2,0,1,0,1,2,3,1003,6.910750788,1,
224,4,1,2,0,1,0,1,2,3,1551,7.346655163,1,
224,5,1,2,0,1,0,1,2,3,1146,7.044032897,1,
224,6,1,2,0,1,0,1,2,3,1165,7.060476366,1,
224,7,1,2,0,1,0,1,2,3,1143,7.041411664,1,
224,8,1,2,0,1,0,1,2,3,1029,6.936342736,1,
224,9,1,2,0,1,0,1,2,3,1153,7.05012252,1,
224,10,1,2,0,1,0,1,2,3,1074,6.979145275,1,
224,11,1,2,0,1,0,1,2,3,956,6.862757913,0,
224,12,1,2,0,1,0,1,2,3,890,6.791221463,0,
224,13,1,2,0,1,0,1,2,3,903,6.805722553,0,
224,14,1,2,0,1,0,1,2,3,769,6.64509097,0,
224,15,1,2,0,1,0,1,2,3,927,6.831953566,0,
224,16,1,2,0,1,0,1,2,3,986,6.893656355,0,
224,17,1,2,0,1,0,1,2,3,911,6.814542897,0,
224,18,1,2,0,1,0,1,2,3,934,6.839476438,0,
224,19,1,2,0,1,0,1,2,3,963,6.870053412,0,
224,20,1,2,0,1,0,1,2,3,899,6.801283034,0,
224,21,1,2,0,1,0,1,2,3,956,6.862757913,0,
224,22,1,2,0,1,0,1,2,3,926,6.830874235,0,
224,23,1,2,0,1,0,1,2,3,1007,6.914730893,1,
224,24,1,2,0,1,0,1,2,3,828,6.719013154,0,
224,25,1,2,0,1,0,1,2,3,857,6.753437919,0,
224,26,1,2,0,1,0,1,2,3,826,6.716594774,0,
224,27,1,2,0,1,0,1,2,3,825,6.715383386,0,
224,28,1,2,0,1,0,1,2,3,741,6.608000625,0,
224,29,1,2,0,1,0,1,2,3,713,6.56948142,0,
224,30,1,2,0,1,0,1,2,3,807,6.693323668,0,
224,31,1,2,0,1,0,1,2,3,894,6.795705775,0,
224,32,1,2,0,1,0,1,2,2,767,6.642486801,0,
224,33,1,2,0,1,0,1,2,2,696,6.54534966,0,
224,34,1,2,0,1,0,1,2,1,740,6.606650186,0,
224,35,1,2,0,1,0,1,2,1,676,6.516193076,0,
224,36,1,2,0,1,0,1,2,1,642,6.464588304,0,
224,37,1,2,0,1,0,1,2,1,608,6.410174882,0,
224,38,1,2,0,1,0,1,2,1,628,6.442540166,0,
224,39,1,2,0,1,0,1,2,1,605,6.405228458,0,
224,40,1,2,0,1,0,1,2,1,643,6.466144724,0,
226,1,1,2,1,2,1,1,2,1,599,6.395261598,0,
226,2,1,2,1,2,1,1,2,1,615,6.421622268,0,
226,3,1,2,1,2,1,1,2,1,594,6.386879319,0,
226,4,1,2,1,2,1,1,2,1,595,6.388561406,0,
226,5,1,2,1,2,1,1,2,2,615,6.421622268,0,
226,6,1,2,1,2,1,1,2,2,667,6.502790046,0,
226,7,1,2,1,2,1,1,2,2,644,6.467698726,0,
226,8,1,2,1,2,1,1,2,2,638,6.458338283,0,
226,9,1,2,1,2,1,1,2,3,665,6.499787041,0,
226,10,1,2,1,2,1,1,2,3,678,6.519147288,0,
226,11,1,2,1,2,1,1,2,3,704,6.556778356,0,
226,12,1,2,1,2,1,1,2,3,715,6.572282543,0,
226,13,1,2,1,2,1,1,2,3,901,6.803505258,0,
226,14,1,2,1,2,1,1,2,3,775,6.652863029,0,
226,15,1,2,1,2,1,1,2,3,767,6.642486801,0,
226,16,1,2,1,2,1,1,2,3,827,6.717804695,0,
226,17,1,2,1,2,1,1,2,3,811,6.698268054,0,
226,18,1,2,1,2,1,1,2,3,902,6.80461452,0,
226,19,1,2,1,2,1,1,2,3,806,6.692083743,0,
226,20,1,2,1,2,1,1,2,3,907,6.81014245,0,
226,21,1,2,1,2,1,1,2,3,1097,7.00033446,1,
226,22,1,2,1,2,1,1,2,3,1152,7.049254841,1,
226,23,1,2,1,2,1,1,2,3,976,6.883462586,0,
226,24,1,2,1,2,1,1,2,3,984,6.891625897,0,
226,25,1,2,1,2,1,1,2,3,838,6.7310181,0,
226,26,1,2,1,2,1,1,2,3,763,6.637258031,0,
226,27,1,2,1,2,1,1,2,3,844,6.738152495,0,
226,28,1,2,1,2,1,1,2,3,1020,6.927557906,1,
226,29,1,2,1,2,1,1,2,3,858,6.754604099,0,
226,30,1,2,1,2,1,1,2,3,792,6.674561392,0,
226,31,1,2,1,2,1,1,2,3,897,6.799055862,0,
226,32,1,2,1,2,1,1,2,3,903,6.805722553,0,
226,33,1,2,1,2,1,1,2,3,962,6.869014451,0,
226,34,1,2,1,2,1,1,2,3,871,6.769641977,0,
226,35,1,2,1,2,1,1,2,3,945,6.851184927,0,
226,36,1,2,1,2,1,1,2,3,822,6.711740395,0,
226,37,1,2,1,2,1,1,2,3,734,6.598509029,0,
226,38,1,2,1,2,1,1,2,3,739,6.605297921,0,
226,39,1,2,1,2,1,1,2,3,779,6.658011046,0,
226,40,1,2,1,2,1,1,2,3,779,6.658011046,0,
228,1,1,2,0,1,0,1,2,3,667,6.502790046,0,
228,2,1,2,0,1,0,1,2,3,1178,7.071573364,1,
228,3,1,2,0,1,0,1,2,3,1046,6.952728645,1,
228,4,1,2,0,1,0,1,2,3,1000,6.907755279,0,
228,5,1,2,0,1,0,1,2,3,918,6.822197391,0,
228,6,1,2,0,1,0,1,2,3,920,6.82437367,0,
228,7,1,2,0,1,0,1,2,3,825,6.715383386,0,
228,8,1,2,0,1,0,1,2,3,846,6.74051936,0,
228,9,1,2,0,1,0,1,2,3,797,6.680854679,0,
228,10,1,2,0,1,0,1,2,3,828,6.719013154,0,
228,11,1,2,0,1,0,1,2,3,877,6.776506992,0,
228,12,1,2,0,1,0,1,2,3,881,6.781057626,0,
228,13,1,2,0,1,0,1,2,3,982,6.889591308,0,
228,14,1,2,0,1,0,1,2,3,875,6.774223886,0,
228,15,1,2,0,1,0,1,2,3,883,6.783325201,0,
228,16,1,2,0,1,0,1,2,3,963,6.870053412,0,
228,17,1,2,0,1,0,1,2,3,903,6.805722553,0,
228,18,1,2,0,1,0,1,2,3,768,6.643789733,0,
228,19,1,2,0,1,0,1,2,3,833,6.725033642,0,
228,20,1,2,0,1,0,1,2,3,791,6.673297968,0,
228,21,1,2,0,1,0,1,2,3,825,6.715383386,0,
228,22,1,2,0,1,0,1,2,3,876,6.775366091,0,
228,23,1,2,0,1,0,1,2,3,810,6.697034248,0,
228,24,1,2,0,1,0,1,2,3,791,6.673297968,0,
228,25,1,2,0,1,0,1,2,3,684,6.527957918,0,
230,1,1,2,0,1,0,1,2,3,883,6.783325201,0,
230,2,1,2,0,1,0,1,2,3,1017,6.924612396,1,
230,3,1,2,0,1,0,1,2,3,1246,7.127693699,1,
230,4,1,2,0,1,0,1,2,3,1450,7.279318835,1,
230,5,1,2,0,1,0,1,2,3,1500,7.313220387,1,
230,6,1,2,0,1,0,1,2,3,1545,7.342779189,1,
230,7,1,2,0,1,0,1,2,3,1674,7.422971251,1,
230,8,1,2,0,1,0,1,2,3,1354,7.210818453,1,
230,9,1,2,0,1,0,1,2,3,1242,7.124478262,1,
230,10,1,2,0,1,0,1,2,3,1197,7.087573706,1,
230,11,1,2,0,1,0,1,2,3,1120,7.021083964,1,
230,12,1,2,0,1,0,1,2,3,1182,7.074963198,1,
230,13,1,2,0,1,0,1,2,3,1133,7.032624261,1,
230,14,1,2,0,1,0,1,2,3,1133,7.032624261,1,
230,15,1,2,0,1,0,1,2,3,1123,7.023758955,1,
230,16,1,2,0,1,0,1,2,3,1043,6.949856455,1,
230,17,1,2,0,1,0,1,2,3,1022,6.929516771,1,
230,18,1,2,0,1,0,1,2,3,1023,6.930494766,1,
230,19,1,2,0,1,0,1,2,3,1014,6.921658184,1,
230,20,1,2,0,1,0,1,2,3,1029,6.936342736,1,
230,21,1,2,0,1,0,1,2,3,959,6.865891075,0,
230,22,1,2,0,1,0,1,2,3,946,6.852242569,0,
230,23,1,2,0,1,0,1,2,3,868,6.766191715,0,
230,24,1,2,0,1,0,1,2,3,849,6.744059186,0,
230,25,1,2,0,1,0,1,2,2,830,6.721425701,0,
230,26,1,2,0,1,0,1,2,2,812,6.69950034,0,
230,27,1,2,0,1,0,1,2,2,779,6.658011046,0,
230,28,1,2,0,1,0,1,2,2,779,6.658011046,0,
230,29,1,2,0,1,0,1,2,2,766,6.64118217,0,
230,30,1,2,0,1,0,1,2,2,773,6.650279049,0,
230,31,1,2,0,1,0,1,2,1,747,6.616065185,0,
230,32,1,2,0,1,0,1,2,1,699,6.549650742,0,
230,33,1,2,0,1,0,1,2,1,714,6.570882962,0,
230,34,1,2,0,1,0,1,2,1,682,6.525029658,0,
230,35,1,2,0,1,0,1,2,1,698,6.548219103,0,
230,36,1,2,0,1,0,1,2,1,683,6.52649486,0,
230,37,1,2,0,1,0,1,2,1,628,6.442540166,0,
232,1,1,2,0,1,0,1,2,2,613,6.418364936,0,
232,2,1,2,0,1,0,1,2,3,726,6.587550015,0,
232,3,1,2,0,1,0,1,2,3,788,6.66949809,0,
232,4,1,2,0,1,0,1,2,3,811,6.698268054,0,
232,5,1,2,0,1,0,1,2,3,820,6.70930434,0,
232,6,1,2,0,1,0,1,2,3,845,6.739336627,0,
232,7,1,2,0,1,0,1,2,3,1079,6.983789965,1,
232,8,1,2,0,1,0,1,2,3,1007,6.914730893,1,
232,9,1,2,0,1,0,1,2,3,1036,6.943122423,1,
232,10,1,2,0,1,0,1,2,3,1109,7.011213987,1,
232,11,1,2,0,1,0,1,2,3,982,6.889591308,0,
232,12,1,2,0,1,0,1,2,3,958,6.864847778,0,
232,13,1,2,0,1,0,1,2,3,942,6.848005275,0,
232,14,1,2,0,1,0,1,2,3,964,6.871091295,0,
232,15,1,2,0,1,0,1,2,3,924,6.828712072,0,
232,16,1,2,0,1,0,1,2,3,914,6.817830571,0,
232,17,1,2,0,1,0,1,2,2,984,6.891625897,0,
232,18,1,2,0,1,0,1,2,2,1000,6.907755279,0,
232,19,1,2,0,1,0,1,2,2,1061,6.966967139,1,
232,20,1,2,0,1,0,1,2,2,1024,6.931471806,1,
232,21,1,2,0,1,0,1,2,2,1050,6.956545443,1,
232,22,1,2,0,1,0,1,2,2,1030,6.937314081,1,
232,23,1,2,0,1,0,1,2,2,979,6.886531643,0,
232,24,1,2,0,1,0,1,2,2,904,6.80682936,0,
232,25,1,2,0,1,0,1,2,2,948,6.854354502,0,
232,26,1,2,0,1,0,1,2,2,1138,7.037027615,1,
232,27,1,2,0,1,0,1,2,2,1116,7.017506143,1,
232,28,1,2,0,1,0,1,2,2,986,6.893656355,0,
232,29,1,2,0,1,0,1,2,2,934,6.839476438,0,
232,30,1,2,0,1,0,1,2,2,908,6.811244379,0,
232,31,1,2,0,1,0,1,2,2,930,6.835184586,0,
232,32,1,2,0,1,0,1,2,2,830,6.721425701,0,
232,33,1,2,0,1,0,1,2,2,781,6.66057515,0,
232,34,1,2,0,1,0,1,2,2,747,6.616065185,0,
232,35,1,2,0,1,0,1,2,2,754,6.625392368,0,
232,36,1,2,0,1,0,1,2,1,709,6.563855527,0,
232,37,1,2,0,1,0,1,2,1,708,6.562444094,0,
232,38,1,2,0,1,0,1,2,1,695,6.543911846,0,
232,39,1,2,0,1,0,1,2,1,647,6.472346295,0,
232,40,1,2,0,1,0,1,2,1,676,6.516193076,0,
232,41,1,2,0,1,0,1,2,1,671,6.508769137,0,
232,42,1,2,0,1,0,1,2,1,689,6.535241271,0,
232,43,1,2,0,1,0,1,2,1,648,6.473890696,0,
232,44,1,2,0,1,0,1,2,1,671,6.508769137,0,
232,45,1,2,0,1,0,1,2,1,668,6.504288174,0,
232,46,1,2,0,1,0,1,2,1,659,6.490723535,0,
232,47,1,2,0,1,0,1,2,1,656,6.486160789,0,
232,48,1,2,0,1,0,1,2,1,641,6.463029457,0,
232,49,1,2,0,1,0,1,2,1,665,6.499787041,0,
234,1,1,2,0,1,0,1,2,3,843,6.736966958,0,
234,2,1,2,0,1,0,1,2,3,768,6.643789733,0,
234,3,1,2,0,1,0,1,2,3,912,6.81563999,0,
234,4,1,2,0,1,0,1,2,3,1043,6.949856455,1,
234,5,1,2,0,1,0,1,2,3,1027,6.93439721,1,
234,6,1,2,0,1,0,1,2,3,1058,6.964135612,1,
234,7,1,2,0,1,0,1,2,3,1181,7.074116816,1,
234,8,1,2,0,1,0,1,2,3,1074,6.979145275,1,
234,9,1,2,0,1,0,1,2,3,1006,6.913737351,1,
234,10,1,2,0,1,0,1,2,3,917,6.821107472,0,
234,11,1,2,0,1,0,1,2,3,1075,6.980075941,1,
234,12,1,2,0,1,0,1,2,3,1102,7.00488199,1,
234,13,1,2,0,1,0,1,2,3,1049,6.955592608,1,
234,14,1,2,0,1,0,1,2,3,850,6.745236349,0,
234,15,1,2,0,1,0,1,2,3,1074,6.979145275,1,
234,16,1,2,0,1,0,1,2,3,1007,6.914730893,1,
234,17,1,2,0,1,0,1,2,3,1117,7.018401799,1,
234,18,1,2,0,1,0,1,2,3,1145,7.043159916,1,
234,19,1,2,0,1,0,1,2,3,1029,6.936342736,1,
234,20,1,2,0,1,0,1,2,3,1169,7.063903961,1,
234,21,1,2,0,1,0,1,2,3,1338,7.198931241,1,
234,22,1,2,0,1,0,1,2,3,1318,7.183870715,1,
234,23,1,2,0,1,0,1,2,3,1483,7.301822342,1,
234,24,1,2,0,1,0,1,2,3,1719,7.449498005,1,
234,25,1,2,0,1,0,1,2,3,1194,7.085064294,1,
234,26,1,2,0,1,0,1,2,3,1328,7.19142933,1,
234,27,1,2,0,1,0,1,2,3,1044,6.950814768,1,
234,28,1,2,0,1,0,1,2,3,1176,7.069874128,1,
234,29,1,2,0,1,0,1,2,3,875,6.774223886,0,
234,30,1,2,0,1,0,1,2,3,991,6.898714534,0,
234,31,1,2,0,1,0,1,2,3,938,6.843749949,0,
234,32,1,2,0,1,0,1,2,3,920,6.82437367,0,
234,33,1,2,0,1,0,1,2,3,814,6.701960366,0,
234,34,1,2,0,1,0,1,2,3,856,6.752270376,0,
234,35,1,2,0,1,0,1,2,3,870,6.768493212,0,
234,36,1,2,0,1,0,1,2,3,903,6.805722553,0,
234,37,1,2,0,1,0,1,2,3,784,6.66440902,0,
234,38,1,2,0,1,0,1,2,3,856,6.752270376,0,
234,39,1,2,0,1,0,1,2,3,705,6.558197803,0,
234,40,1,2,0,1,0,1,2,3,720,6.579251212,0,
234,41,1,2,0,1,0,1,2,3,676,6.516193076,0,
234,42,1,2,0,1,0,1,2,3,735,6.599870499,0,
234,43,1,2,0,1,0,1,2,3,694,6.542471961,0,
234,44,1,2,0,1,0,1,2,2,667,6.502790046,0,
234,45,1,2,0,1,0,1,2,2,604,6.403574198,0,
234,46,1,2,0,1,0,1,2,2,603,6.401917197,0,
234,47,1,2,0,1,0,1,2,2,566,6.338594078,0,
234,48,1,2,0,1,0,1,2,2,587,6.37502482,0,
234,49,1,2,0,1,0,1,2,2,598,6.393590754,0,
236,1,1,2,1,2,1,1,2,1,628,6.442540166,0,
236,2,1,2,1,2,1,1,2,1,585,6.371611847,0,
236,3,1,2,1,2,1,1,2,1,579,6.361302478,0,
236,4,1,2,1,2,1,1,2,1,585,6.371611847,0,
236,5,1,2,1,2,1,1,2,1,600,6.396929655,0,
236,6,1,2,1,2,1,1,2,1,614,6.419994928,0,
236,7,1,2,1,2,1,1,2,1,595,6.388561406,0,
236,8,1,2,1,2,1,1,2,1,577,6.357842267,0,
236,9,1,2,1,2,1,1,2,1,564,6.335054251,0,
236,10,1,2,1,2,1,1,2,1,565,6.336825731,0,
236,11,1,2,1,2,1,1,2,1,583,6.368187186,0,
236,12,1,2,1,2,1,1,2,1,580,6.363028104,0,
236,13,1,2,1,2,1,1,2,1,603,6.401917197,0,
236,14,1,2,1,2,1,1,2,1,587,6.37502482,0,
236,15,1,2,1,2,1,1,2,1,587,6.37502482,0,
236,16,1,2,1,2,1,1,2,1,614,6.419994928,0,
236,17,1,2,1,2,1,1,2,2,659,6.490723535,0,
236,18,1,2,1,2,1,1,2,2,660,6.492239835,0,
236,19,1,2,1,2,1,1,2,2,649,6.475432717,0,
236,20,1,2,1,2,1,1,2,2,652,6.480044562,0,
236,21,1,2,1,2,1,1,2,2,692,6.539585956,0,
236,22,1,2,1,2,1,1,2,2,667,6.502790046,0,
236,23,1,2,1,2,1,1,2,2,685,6.529418838,0,
236,24,1,2,1,2,1,1,2,2,695,6.543911846,0,
236,25,1,2,1,2,1,1,2,2,735,6.599870499,0,
236,26,1,2,1,2,1,1,2,2,694,6.542471961,0,
236,27,1,2,1,2,1,1,2,2,695,6.543911846,0,
236,28,1,2,1,2,1,1,2,2,665,6.499787041,0,
236,29,1,2,1,2,1,1,2,2,667,6.502790046,0,
236,30,1,2,1,2,1,1,2,2,684,6.527957918,0,
236,31,1,2,1,2,1,1,2,2,684,6.527957918,0,
236,32,1,2,1,2,1,1,2,2,701,6.552507887,0,
236,33,1,2,1,2,1,1,2,2,696,6.54534966,0,
236,34,1,2,1,2,1,1,2,2,673,6.51174533,0,
236,35,1,2,1,2,1,1,2,2,632,6.448889394,0,
236,36,1,2,1,2,1,1,2,2,611,6.415096959,0,
236,37,1,2,1,2,1,1,2,2,635,6.453624999,0,
236,38,1,2,1,2,1,1,2,2,633,6.450470422,0,
236,39,1,2,1,2,1,1,2,2,681,6.523562306,0,
240,1,1,2,1,2,1,1,2,3,1023,6.930494766,1,
240,2,1,2,1,2,1,1,2,3,1088,6.992096427,1,
240,3,1,2,1,2,1,1,2,3,942,6.848005275,0,
240,4,1,2,1,2,1,1,2,3,858,6.754604099,0,
240,5,1,2,1,2,1,1,2,3,878,6.777646594,0,
240,6,1,2,1,2,1,1,2,3,824,6.71417053,0,
240,7,1,2,1,2,1,1,2,3,744,6.612041035,0,
240,8,1,2,1,2,1,1,2,3,857,6.753437919,0,
240,9,1,2,1,2,1,1,2,3,848,6.742880636,0,
240,10,1,2,1,2,1,1,2,3,809,6.695798917,0,
240,11,1,2,1,2,1,1,2,3,891,6.792344427,0,
240,12,1,2,1,2,1,1,2,3,1092,6.995766156,1,
240,13,1,2,1,2,1,1,2,3,931,6.836259277,0,
240,14,1,2,1,2,1,1,2,3,927,6.831953566,0,
240,15,1,2,1,2,1,1,2,3,863,6.760414691,0,
240,16,1,2,1,2,1,1,2,3,850,6.745236349,0,
240,17,1,2,1,2,1,1,2,3,782,6.661854741,0,
240,18,1,2,1,2,1,1,2,3,709,6.563855527,0,
240,19,1,2,1,2,1,1,2,3,708,6.562444094,0,
240,20,1,2,1,2,1,1,2,2,749,6.618738984,0,
240,21,1,2,1,2,1,1,2,2,813,6.70073111,0,
240,22,1,2,1,2,1,1,2,2,823,6.712956201,0,
240,23,1,2,1,2,1,1,2,2,765,6.639875834,0,
240,24,1,2,1,2,1,1,2,2,680,6.522092798,0,
240,25,1,2,1,2,1,1,2,2,762,6.635946556,0,
244,1,1,2,1,2,1,2,2,3,891,6.792344427,0,
244,2,1,2,1,2,1,2,2,3,983,6.89060912,0,
244,3,1,2,1,2,1,2,2,3,919,6.823286122,0,
244,4,1,2,1,2,1,2,2,3,872,6.770789424,0,
244,5,1,2,1,2,1,2,2,3,888,6.788971743,0,
244,6,1,2,1,2,1,2,2,3,944,6.850126166,0,
244,7,1,2,1,2,1,2,2,3,904,6.80682936,0,
244,8,1,2,1,2,1,2,2,3,861,6.758094504,0,
244,9,1,2,1,2,1,2,2,3,838,6.7310181,0,
244,10,1,2,1,2,1,2,2,3,916,6.820016365,0,
244,11,1,2,1,2,1,2,2,3,919,6.823286122,0,
244,12,1,2,1,2,1,2,2,3,939,6.844815479,0,
244,13,1,2,1,2,1,2,2,3,923,6.827629235,0,
244,14,1,2,1,2,1,1,2,3,855,6.751101469,0,
244,15,1,2,1,2,1,1,2,3,963,6.870053412,0,
244,16,1,2,1,2,1,1,2,3,1059,6.965080346,1,
244,17,1,2,1,2,1,1,2,3,1006,6.913737351,1,
244,18,1,2,1,2,1,1,2,3,983,6.89060912,0,
244,19,1,2,1,2,1,1,2,3,955,6.86171134,0,
244,20,1,2,1,2,1,1,2,3,1028,6.935370446,1,
244,21,1,2,1,2,1,1,2,3,1108,7.010311867,1,
244,22,1,2,1,2,1,1,2,3,1013,6.920671504,1,
244,23,1,2,1,2,1,1,2,3,985,6.892641641,0,
244,24,1,2,1,2,1,1,2,3,987,6.894670039,0,
244,25,1,2,1,2,1,1,2,3,1098,7.001245622,1,
244,26,1,2,1,2,1,1,2,3,1033,6.940222469,1,
244,27,1,2,1,2,1,1,2,3,1105,7.007600614,1,
248,1,1,2,0,1,0,2,2,3,1042,6.948897222,1,
248,2,1,2,0,1,0,2,2,3,1334,7.195937226,1,
248,3,1,2,0,1,0,2,2,3,1281,7.155396302,1,
248,4,1,2,0,1,0,2,2,3,1378,7.228388452,1,
248,5,1,2,0,1,0,2,2,3,1284,7.157735484,1,
248,6,1,2,0,1,0,2,2,3,1360,7.215239979,1,
248,7,1,2,0,1,0,2,2,3,1404,7.247080585,1,
248,8,1,2,0,1,0,2,2,3,1556,7.349873705,1,
248,9,1,2,0,1,0,2,2,3,1536,7.336936914,1,
248,10,1,2,0,1,0,2,2,3,1666,7.418180823,1,
248,11,1,2,0,1,0,2,2,3,1670,7.420578905,1,
248,12,1,2,0,1,0,2,2,3,1610,7.383989458,1,
248,13,1,2,0,1,0,2,2,3,1533,7.334981879,1,
248,14,1,2,0,1,0,2,2,3,1647,7.40671073,1,
248,15,1,2,0,1,0,2,2,3,1488,7.305188215,1,
248,16,1,2,0,1,0,2,2,3,1344,7.203405521,1,
248,17,1,2,0,1,0,2,2,3,1326,7.189922171,1,
248,18,1,2,0,1,0,2,2,3,1329,7.192182059,1,
248,19,1,2,0,1,0,2,2,3,1273,7.149131599,1,
248,20,1,2,0,1,0,2,2,3,1327,7.190676034,1,
248,21,1,2,0,1,0,2,2,3,1213,7.100851909,1,
248,22,1,2,0,1,0,2,2,3,1152,7.049254841,1,
248,23,1,2,0,1,0,2,2,3,1074,6.979145275,1,
248,24,1,2,0,1,0,2,2,3,1063,6.968850378,1,
248,25,1,2,0,1,0,2,2,3,1068,6.97354302,1,
248,26,1,2,0,1,0,2,2,3,1029,6.936342736,1,
248,27,1,2,0,1,0,2,2,3,1011,6.918695219,1,
248,28,1,2,0,1,0,2,2,3,888,6.788971743,0,
248,29,1,2,0,1,0,2,2,3,905,6.807934944,0,
248,30,1,2,0,1,0,2,2,3,852,6.747586527,0,
248,31,1,2,0,1,0,2,2,3,849,6.744059186,0,
248,32,1,2,0,1,0,2,2,3,845,6.739336627,0,
248,33,1,2,0,1,0,2,2,3,838,6.7310181,0,
248,34,1,2,0,1,0,2,2,3,866,6.763884909,0,
248,35,1,2,0,1,0,2,2,3,844,6.738152495,0,
248,36,1,2,0,1,0,2,2,1,857,6.753437919,0,
248,37,1,2,0,1,0,2,2,1,848,6.742880636,0,
248,38,1,2,0,1,0,2,2,1,807,6.693323668,0,
248,39,1,2,0,1,0,2,2,1,819,6.708084084,0,
248,40,1,2,0,1,0,2,2,1,791,6.673297968,0,
248,41,1,2,0,1,0,2,2,1,784,6.66440902,0,
248,42,1,2,0,1,0,2,2,1,735,6.599870499,0,
250,1,1,2,1,2,1,1,2,2,674,6.513230111,0,
250,2,1,2,1,2,1,1,2,2,793,6.675823222,0,
250,3,1,2,1,2,1,1,2,2,825,6.715383386,0,
250,4,1,2,1,2,1,1,2,2,888,6.788971743,0,
250,5,1,2,1,2,1,1,2,2,998,6.905753276,0,
250,6,1,2,1,2,1,1,2,3,981,6.88857246,0,
250,7,1,2,1,2,1,1,2,3,981,6.88857246,0,
250,8,1,2,1,2,1,1,2,3,968,6.875232087,0,
250,9,1,2,1,2,1,1,2,3,1017,6.924612396,1,
250,10,1,2,1,2,1,1,2,3,986,6.893656355,0,
250,11,1,2,1,2,1,1,2,3,1020,6.927557906,1,
250,12,1,2,1,2,1,1,2,3,976,6.883462586,0,
250,13,1,2,1,2,1,1,2,3,1001,6.908754779,1,
250,14,1,2,1,2,1,1,2,3,1075,6.980075941,1,
250,15,1,2,1,2,1,1,2,3,1048,6.954638865,1,
250,16,1,2,1,2,1,1,2,3,1107,7.009408933,1,
250,17,1,2,1,2,1,1,2,3,954,6.860663671,0,
250,18,1,2,1,2,1,1,2,3,1066,6.971668605,1,
250,19,1,2,1,2,1,1,2,3,999,6.906754779,0,
250,20,1,2,1,2,1,1,2,3,1044,6.950814768,1,
250,21,1,2,1,2,1,1,2,3,1140,7.038783541,1,
250,22,1,2,1,2,1,1,2,3,1152,7.049254841,1,
250,23,1,2,1,2,1,1,2,3,1258,7.137278437,1,
250,24,1,2,1,2,1,1,2,3,1307,7.175489714,1,
250,25,1,2,1,2,1,1,2,3,1265,7.142827401,1,
250,26,1,2,1,2,1,1,2,3,1087,6.991176887,1,
250,27,1,2,1,2,1,1,2,3,1003,6.910750788,1,
250,28,1,2,1,2,1,1,2,3,1026,6.933423026,1,
250,29,1,2,1,2,1,1,2,3,925,6.829793738,0,
250,30,1,2,1,2,1,1,2,3,1012,6.91968385,1,
250,31,1,2,1,2,1,1,2,3,1064,6.96979067,1,
250,32,1,2,1,2,1,1,2,3,989,6.896694332,0,
250,33,1,2,1,2,1,1,2,3,1031,6.938284484,1,
250,34,1,2,1,2,1,1,2,3,1042,6.948897222,1,
250,35,1,2,1,2,1,1,2,3,1034,6.941190055,1,
250,36,1,2,1,2,1,1,2,3,1028,6.935370446,1,
250,37,1,2,1,2,1,1,2,3,936,6.841615476,0,
250,38,1,2,1,2,1,1,2,3,923,6.827629235,0,
250,39,1,2,1,2,1,1,2,3,866,6.763884909,0,
250,40,1,2,1,2,1,1,2,3,775,6.652863029,0,
250,41,1,2,1,2,1,1,2,3,864,6.761572769,0,
250,42,1,2,1,2,1,1,2,3,881,6.781057626,0,
250,43,1,2,1,2,1,1,2,3,833,6.725033642,0,
250,44,1,2,1,2,1,1,2,3,843,6.736966958,0,
250,45,1,2,1,2,1,1,2,3,844,6.738152495,0,
250,46,1,2,1,2,1,1,2,3,905,6.807934944,0,
250,47,1,2,1,2,1,1,2,3,975,6.882437471,0,
250,48,1,2,1,2,1,1,2,3,946,6.852242569,0,
250,49,1,2,1,2,1,1,2,3,872,6.770789424,0,
252,1,1,2,1,2,1,1,2,3,823,6.712956201,0,
252,2,1,2,1,2,1,1,2,3,806,6.692083743,0,
252,3,1,2,1,2,1,1,2,3,900,6.802394763,0,
252,4,1,2,1,2,1,1,2,3,909,6.812345094,0,
252,5,1,2,1,2,1,1,2,3,1087,6.991176887,1,
252,6,1,2,1,2,1,1,2,3,1100,7.003065459,1,
252,7,1,2,1,2,1,1,2,3,1136,7.035268599,1,
252,8,1,2,1,2,1,1,2,3,1121,7.021976423,1,
252,9,1,2,1,2,1,1,2,3,1000,6.907755279,0,
256,1,1,2,0,1,0,1,2,3,1065,6.970730078,1,
256,2,1,2,0,1,0,1,2,3,1104,7.006695227,1,
256,3,1,2,0,1,0,1,2,3,1050,6.956545443,1,
256,4,1,2,0,1,0,1,2,3,1133,7.032624261,1,
256,5,1,2,0,1,0,1,2,3,1067,6.972606251,1,
256,6,1,2,0,1,0,1,2,3,1066,6.971668605,1,
256,7,1,2,0,1,0,1,2,3,1120,7.021083964,1,
256,8,1,2,0,1,0,1,2,3,1143,7.041411664,1,
256,9,1,2,0,1,0,1,2,3,1050,6.956545443,1,
256,10,1,2,0,1,0,1,2,3,1097,7.00033446,1,
256,11,1,2,0,1,0,1,2,3,1113,7.014814351,1,
256,12,1,2,0,1,0,1,2,3,1157,7.053585727,1,
256,13,1,2,0,1,0,1,2,3,1037,6.944087208,1,
256,14,1,2,0,1,0,1,2,3,1109,7.011213987,1,
256,15,1,2,0,1,0,1,2,3,960,6.866933284,0,
256,16,1,2,0,1,0,1,2,3,980,6.887552572,0,
256,17,1,2,0,1,0,1,2,3,889,6.790097236,0,
256,18,1,2,0,1,0,1,2,3,832,6.723832441,0,
256,19,1,2,0,1,0,1,2,3,804,6.689599269,0,
256,20,1,2,0,1,0,1,2,3,786,6.666956792,0,
256,21,1,2,0,1,0,1,2,3,760,6.633318433,0,
256,22,1,2,0,1,0,1,2,3,697,6.546785411,0,
256,23,1,2,0,1,0,1,2,2,671,6.508769137,0,
256,24,1,2,0,1,0,1,2,2,650,6.476972363,0,
256,25,1,2,0,1,0,1,2,1,628,6.442540166,0,
256,26,1,2,0,1,0,1,2,1,627,6.440946541,0,
256,27,1,2,0,1,0,1,2,1,622,6.432940093,0,
256,28,1,2,0,1,0,1,2,1,575,6.354370041,0,
258,1,1,2,1,2,1,1,2,2,644,6.467698726,0,
258,2,1,2,1,2,1,1,2,2,671,6.508769137,0,
258,3,1,2,1,2,1,1,2,3,689,6.535241271,0,
258,4,1,2,1,2,1,1,2,3,714,6.570882962,0,
263,1,1,1,0,1,0,1,2,3,947,6.853299093,0,
263,2,1,1,0,1,0,1,2,3,974,6.881411304,0,
263,3,1,1,0,1,0,1,2,3,1019,6.926577033,1,
263,4,1,1,0,1,0,1,2,3,1033,6.940222469,1,
263,5,1,1,0,1,0,1,2,3,983,6.89060912,0,
263,6,1,1,0,1,0,1,2,3,916,6.820016365,0,
263,7,1,1,0,1,0,1,2,3,950,6.856461985,0,
263,8,1,1,0,1,0,1,2,3,938,6.843749949,0,
263,9,1,1,0,1,0,1,2,3,921,6.825460036,0,
263,10,1,1,0,1,0,1,2,3,928,6.833031733,0,
263,11,1,1,0,1,0,1,2,3,886,6.786716951,0,
263,12,1,1,0,1,0,1,2,3,916,6.820016365,0,
263,13,1,1,0,1,0,1,2,3,930,6.835184586,0,
263,14,1,1,0,1,0,1,2,3,904,6.80682936,0,
263,15,1,1,0,1,0,1,2,3,893,6.794586581,0,
263,16,1,1,0,1,0,1,2,3,819,6.708084084,0,
263,17,1,1,0,1,0,1,2,3,808,6.694562059,0,
263,18,1,1,0,1,0,1,2,3,781,6.66057515,0,
263,19,1,1,0,1,0,1,2,3,790,6.672032945,0,
263,20,1,1,0,1,0,1,2,3,870,6.768493212,0,
263,21,1,1,0,1,0,1,2,3,890,6.791221463,0,
263,22,1,1,0,1,0,1,2,3,938,6.843749949,0,
263,23,1,1,0,1,0,1,2,3,886,6.786716951,0,
263,24,1,1,0,1,0,1,2,3,874,6.773080376,0,
263,25,1,1,0,1,0,1,2,3,853,6.748759547,0,
263,26,1,1,0,1,0,1,2,3,851,6.746412129,0,
263,27,1,1,0,1,0,1,2,3,821,6.710523109,0,
263,28,1,1,0,1,0,1,2,3,790,6.672032945,0,
263,29,1,1,0,1,0,1,2,3,811,6.698268054,0,
263,30,1,1,0,1,0,1,2,3,762,6.635946556,0,
263,31,1,1,0,1,0,1,2,3,774,6.651571874,0,
263,32,1,1,0,1,0,1,2,2,806,6.692083743,0,
263,33,1,1,0,1,0,1,2,2,801,6.685860947,0,
263,34,1,1,0,1,0,1,2,2,815,6.703188113,0,
263,35,1,1,0,1,0,1,2,2,865,6.762729507,0,
263,36,1,1,0,1,0,1,2,2,861,6.758094504,0,
263,37,1,1,0,1,0,1,2,1,840,6.733401892,0,
263,38,1,1,0,1,0,1,2,1,774,6.651571874,0,
263,39,1,1,0,1,0,1,2,1,713,6.56948142,0,
263,40,1,1,0,1,0,1,2,1,664,6.498282149,0,
263,41,1,1,0,1,0,1,2,1,635,6.453624999,0,
263,42,1,1,0,1,0,1,2,1,734,6.598509029,0,
263,43,1,1,0,1,0,1,2,1,734,6.598509029,0,
263,44,1,1,0,1,0,1,2,1,694,6.542471961,0,
263,45,1,1,0,1,0,1,2,1,671,6.508769137,0,
263,46,1,1,0,1,0,1,2,1,630,6.445719819,0,
263,47,1,1,0,1,0,1,2,1,667,6.502790046,0,
263,48,1,1,0,1,0,1,2,1,638,6.458338283,0,
263,49,1,1,0,1,0,1,2,1,623,6.434546519,0,
263,50,1,1,0,1,0,1,2,1,629,6.444131257,0,
263,51,1,1,0,1,0,1,2,1,617,6.424869024,0,
263,52,1,1,0,1,0,1,2,1,589,6.378426184,0,
263,53,1,1,0,1,0,1,2,1,636,6.455198563,0,
263,54,1,1,0,1,0,1,2,1,647,6.472346295,0,
263,55,1,1,0,1,0,1,2,1,711,6.56667243,0,
263,56,1,1,0,1,0,1,2,1,711,6.56667243,0,
263,57,1,1,0,1,0,1,2,1,725,6.586171655,0,
263,58,1,1,0,1,0,1,2,2,710,6.56526497,0,
263,59,1,1,0,1,0,1,2,2,739,6.605297921,0,
263,60,1,1,0,1,0,1,2,2,746,6.6147256,0,
263,61,1,1,0,1,0,1,2,2,762,6.635946556,0,
263,62,1,1,0,1,0,1,2,2,715,6.572282543,0,
263,63,1,1,0,1,0,1,2,2,709,6.563855527,0,
263,64,1,1,0,1,0,1,2,2,738,6.603943825,0,
263,65,1,1,0,1,0,1,2,2,713,6.56948142,0,
263,66,1,1,0,1,0,1,2,2,721,6.580639137,0,
263,67,1,1,0,1,0,1,2,2,693,6.541029999,0,
263,68,1,1,0,1,0,1,2,2,705,6.558197803,0,
263,69,1,1,0,1,0,1,2,2,715,6.572282543,0,
263,70,1,1,0,1,0,1,2,2,759,6.632001777,0,
263,71,1,1,0,1,0,1,2,2,774,6.651571874,0,
263,72,1,1,0,1,0,1,2,2,715,6.572282543,0,
263,73,1,1,0,1,0,1,2,2,734,6.598509029,0,
263,74,1,1,0,1,0,1,2,2,695,6.543911846,0,
263,75,1,1,0,1,0,1,2,2,713,6.56948142,0,
263,76,1,1,0,1,0,1,2,2,692,6.539585956,0,
263,77,1,1,0,1,0,1,2,2,719,6.577861358,0,
263,78,1,1,0,1,0,1,2,2,730,6.593044534,0,
263,79,1,1,0,1,0,1,2,2,735,6.599870499,0,
263,80,1,1,0,1,0,1,2,2,736,6.601230119,0,
263,81,1,1,0,1,0,1,2,2,757,6.629363253,0,
263,82,1,1,0,1,0,1,2,2,737,6.602587892,0,
263,83,1,1,0,1,0,1,2,2,775,6.652863029,0,
263,84,1,1,0,1,0,1,2,2,764,6.638567789,0,
263,85,1,1,0,1,0,1,2,2,808,6.694562059,0,
263,86,1,1,0,1,0,1,2,2,794,6.677083461,0,
263,87,1,1,0,1,0,1,2,2,834,6.726233402,0,
263,88,1,1,0,1,0,1,2,2,772,6.64898455,0,
263,89,1,1,0,1,0,1,2,2,742,6.609349243,0,
263,90,1,1,0,1,0,1,2,2,707,6.561030666,0,
263,91,1,1,0,1,0,1,2,2,741,6.608000625,0,
263,92,1,1,0,1,0,1,2,2,737,6.602587892,0,
263,93,1,1,0,1,0,1,2,2,758,6.630683386,0,
263,94,1,1,0,1,0,1,2,2,726,6.587550015,0,
263,95,1,1,0,1,0,1,2,2,719,6.577861358,0,
263,96,1,1,0,1,0,1,2,2,754,6.625392368,0,
263,97,1,1,0,1,0,1,2,2,682,6.525029658,0,
263,98,1,1,0,1,0,1,2,2,710,6.56526497,0,
263,99,1,1,0,1,0,1,2,2,752,6.622736324,0,
263,100,1,1,0,1,0,1,2,2,774,6.651571874,0,
263,101,1,1,0,1,0,1,2,2,868,6.766191715,0,
263,102,1,1,0,1,0,1,2,2,854,6.749931194,0,
263,103,1,1,0,1,0,1,2,2,843,6.736966958,0,
263,104,1,1,0,1,0,1,2,2,882,6.782192056,0,
263,105,1,1,0,1,0,1,2,2,867,6.765038977,0,
263,106,1,1,0,1,0,1,2,2,853,6.748759547,0,
263,107,1,1,0,1,0,1,2,2,823,6.712956201,0,
263,108,1,1,0,1,0,1,2,2,828,6.719013154,0,
263,109,1,1,0,1,0,1,2,2,824,6.71417053,0,
263,110,1,1,0,1,0,1,2,2,862,6.759255271,0,
263,111,1,1,0,1,0,1,2,2,850,6.745236349,0,
263,112,1,1,0,1,0,1,2,2,769,6.64509097,0,
263,113,1,1,0,1,0,1,2,2,776,6.65415252,0,
263,114,1,1,0,1,0,1,2,2,761,6.634633358,0,
263,115,1,1,0,1,0,1,2,2,749,6.618738984,0,
265,1,1,1,0,1,0,2,1,2,3788,8.239593454,1,
265,2,1,1,0,1,0,2,1,2,3984,8.290041619,1,
265,3,1,1,0,1,0,2,1,2,3899,8.268475389,1,
265,4,1,1,0,1,0,2,1,2,3885,8.264878263,1,
265,5,1,1,0,1,0,2,1,2,3842,8.253748343,1,
265,6,1,1,0,1,0,2,1,2,3814,8.246433786,1,
265,7,1,1,0,1,0,2,1,2,3615,8.192847135,1,
265,8,1,1,0,1,0,2,1,2,3529,8.168769824,1,
265,9,1,1,0,1,0,2,1,3,3355,8.118207049,1,
265,10,1,1,0,1,0,2,1,3,3101,8.039479919,1,
265,11,1,1,0,1,0,2,1,3,2943,7.987184748,1,
265,12,1,1,0,1,0,2,1,3,2909,7.975564658,1,
265,13,1,1,0,1,0,2,1,3,2730,7.912056888,1,
265,14,1,1,0,1,0,2,1,3,1059,6.965080346,1,
267,1,1,1,0,1,0,2,1,1,1572,7.360103973,1,
267,2,1,1,0,1,0,2,1,1,1661,7.41517511,1,
267,3,1,1,0,1,0,2,1,1,1727,7.454141078,1,
267,4,1,1,0,1,0,2,1,1,1693,7.434257382,1,
267,5,1,1,0,1,0,2,1,1,1737,7.459914766,1,
267,6,1,1,0,1,0,2,1,1,1783,7.486052618,1,
267,7,1,1,0,1,0,2,1,1,1790,7.489970899,1,
267,8,1,1,0,1,0,2,1,1,1613,7.385851078,1,
267,9,1,1,0,1,0,2,1,2,1743,7.463363046,1,
267,10,1,1,0,1,0,2,1,2,1929,7.564757013,1,
267,11,1,1,0,1,0,2,1,2,1675,7.423568444,1,
267,12,1,1,0,1,0,2,1,2,1921,7.560601163,1,
267,13,1,1,0,1,0,2,1,2,2116,7.657282793,1,
267,14,1,1,0,1,0,2,1,2,2206,7.6989362,1,
267,15,1,1,0,1,0,2,1,2,2345,7.760040681,1,
267,16,1,1,0,1,0,2,1,2,2406,7.785720897,1,
267,17,1,1,0,1,0,2,1,2,2581,7.8559322,1,
267,18,1,1,0,1,0,2,1,2,2719,7.908019445,1,
267,19,1,1,0,1,0,2,1,2,2700,7.901007052,1,
267,20,1,1,0,1,0,2,1,2,2744,7.917171989,1,
267,21,1,1,0,1,0,2,1,3,2948,7.988882253,1,
267,22,1,1,0,1,0,2,1,3,3104,8.040446881,1,
267,23,1,1,0,1,0,2,1,3,3258,8.088868789,1,
267,24,1,1,0,1,0,2,1,3,3348,8.116118432,1,
267,25,1,1,0,1,0,2,1,3,3510,8.163371316,1,
267,26,1,1,0,1,0,2,1,3,3656,8.204124933,1,
267,27,1,1,0,1,0,2,1,3,3577,8.182279739,1,
267,28,1,1,0,1,0,2,1,3,3484,8.155936338,1,
267,29,1,1,0,1,0,2,1,3,3338,8.113127104,1,
267,30,1,1,0,1,0,2,1,3,3551,8.174984533,1,
267,31,1,1,0,1,0,2,1,3,866,6.763884909,0,
270,1,1,1,0,1,0,1,2,2,828,6.719013154,0,
270,2,1,1,0,1,0,1,2,2,872,6.770789424,0,
270,3,1,1,0,1,0,1,2,2,843,6.736966958,0,
270,4,1,1,0,1,0,1,2,2,872,6.770789424,0,
270,5,1,1,0,1,0,1,2,3,861,6.758094504,0,
270,6,1,1,0,1,0,1,2,3,968,6.875232087,0,
270,7,1,1,0,1,0,1,2,3,973,6.880384082,0,
270,8,1,1,0,1,0,1,2,3,1023,6.930494766,1,
270,9,1,1,0,1,0,1,2,3,1061,6.966967139,1,
270,10,1,1,0,1,0,1,2,3,1170,7.064759028,1,
270,11,1,1,0,1,0,1,2,3,1149,7.046647278,1,
270,12,1,1,0,1,0,1,2,3,1204,7.093404626,1,
270,13,1,1,0,1,0,1,2,3,1197,7.087573706,1,
270,14,1,1,0,1,0,1,2,3,1193,7.084226422,1,
270,15,1,1,0,1,0,1,2,3,1144,7.042286172,1,
270,16,1,1,0,1,0,1,2,3,1205,7.094234846,1,
270,17,1,1,0,1,0,1,2,3,1175,7.069023427,1,
270,18,1,1,0,1,0,1,2,3,637,6.456769656,0,
276,1,1,1,2,3,2,2,2,2,922,6.826545224,0,
276,2,1,1,2,3,2,2,2,2,924,6.828712072,0,
276,3,1,1,2,3,2,2,2,2,850,6.745236349,0,
276,4,1,1,2,3,2,2,2,2,876,6.775366091,0,
276,5,1,1,2,3,2,2,2,2,854,6.749931194,0,
276,6,1,1,2,3,2,2,2,2,820,6.70930434,0,
276,7,1,1,2,3,2,2,2,2,779,6.658011046,0,
276,8,1,1,2,3,2,2,2,2,790,6.672032945,0,
276,9,1,1,2,3,2,2,2,2,853,6.748759547,0,
276,10,1,1,2,3,2,2,2,1,891,6.792344427,0,
276,11,1,1,2,3,2,2,2,1,880,6.779921907,0,
276,12,1,1,2,3,2,2,2,1,884,6.784457063,0,
276,13,1,1,2,3,2,2,2,1,837,6.72982407,0,
276,14,1,1,2,3,2,2,2,1,796,6.679599186,0,
276,15,1,1,2,3,2,2,2,1,748,6.617402978,0,
276,16,1,1,2,3,2,2,2,1,713,6.56948142,0,
276,17,1,1,2,3,2,2,2,1,776,6.65415252,0,
276,18,1,1,2,3,2,2,2,1,773,6.650279049,0,
276,19,1,1,2,3,2,2,2,1,766,6.64118217,0,
276,20,1,1,2,3,2,2,2,1,745,6.613384218,0,
276,21,1,1,2,3,2,2,2,1,736,6.601230119,0,
276,22,1,1,2,3,2,2,2,1,733,6.597145702,0,
276,23,1,1,2,3,2,2,2,1,708,6.562444094,0,
276,24,1,1,2,3,2,2,2,1,682,6.525029658,0,
276,25,1,1,2,3,2,2,2,1,711,6.56667243,0,
276,26,1,1,2,3,2,2,2,1,695,6.543911846,0,
276,27,1,1,2,3,2,2,2,1,720,6.579251212,0,
276,28,1,1,2,3,2,2,2,1,649,6.475432717,0,
278,1,1,1,2,3,2,2,2,3,1341,7.201170883,1,
278,2,1,1,2,3,2,2,2,3,1290,7.162397497,1,
278,3,1,1,2,3,2,2,2,3,1213,7.100851909,1,
278,4,1,1,2,3,2,2,2,3,1389,7.236339343,1,
278,5,1,1,2,3,2,2,2,3,1379,7.229113878,1,
278,6,1,1,2,3,2,2,2,3,1217,7.104144093,1,
278,7,1,1,2,3,2,2,2,3,1211,7.099201744,1,
278,8,1,1,2,3,2,2,2,3,1139,7.037905963,1,
278,9,1,1,2,3,2,2,2,3,1128,7.028201432,1,
278,10,1,1,2,3,2,2,2,3,1164,7.059617628,1,
278,11,1,1,2,3,2,2,2,3,1199,7.089243155,1,
278,12,1,1,2,3,2,2,2,3,1088,6.992096427,1,
280,1,1,1,2,3,2,2,2,3,1085,6.989335266,1,
280,2,1,1,2,3,2,2,2,3,1038,6.945051064,1,
280,3,1,1,2,3,2,2,2,3,1052,6.958448393,1,
280,4,1,1,2,3,2,2,2,3,976,6.883462586,0,
280,5,1,1,2,3,2,2,2,3,1029,6.936342736,1,
280,6,1,1,2,3,2,2,2,3,940,6.845879875,0,
280,7,1,1,2,3,2,2,2,3,885,6.785587645,0,
280,8,1,1,2,3,2,2,2,3,829,6.720220155,0,
280,9,1,1,2,3,2,2,2,3,803,6.688354714,0,
280,10,1,1,2,3,2,2,2,3,744,6.612041035,0,
280,11,1,1,2,3,2,2,2,3,735,6.599870499,0,
280,12,1,1,2,3,2,2,2,3,717,6.575075841,0,
280,13,1,1,2,3,2,2,2,3,728,6.590301048,0,
280,14,1,1,2,3,2,2,2,2,659,6.490723535,0,
280,15,1,1,2,3,2,2,2,2,627,6.440946541,0,
282,1,1,1,2,3,2,2,2,3,833,6.725033642,0,
282,2,1,1,2,3,2,2,2,3,862,6.759255271,0,
282,3,1,1,2,3,2,2,2,3,938,6.843749949,0,
282,4,1,1,2,3,2,2,2,3,892,6.793466133,0,
282,5,1,1,2,3,2,2,2,3,983,6.89060912,0,
282,6,1,1,2,3,2,2,2,3,1018,6.925595197,1,
282,7,1,1,2,3,2,2,2,3,1139,7.037905963,1,
282,8,1,1,2,3,2,2,2,3,1272,7.148345744,1,
282,9,1,1,2,3,2,2,2,3,1137,7.036148494,1,
284,1,1,1,2,3,2,2,2,3,1161,7.057036982,1,
284,2,1,1,2,3,2,2,2,3,1085,6.989335266,1,
284,3,1,1,2,3,2,2,2,3,1010,6.91770561,1,
284,4,1,1,2,3,2,2,2,3,1022,6.929516771,1,
284,5,1,1,2,3,2,2,2,3,1036,6.943122423,1,
284,6,1,1,2,3,2,2,2,3,1016,6.923628628,1,
284,7,1,1,2,3,2,2,2,3,1042,6.948897222,1,
284,8,1,1,2,3,2,2,2,3,985,6.892641641,0,
284,9,1,1,2,3,2,2,2,3,895,6.796823718,0,
284,10,1,1,2,3,2,2,2,3,930,6.835184586,0,
284,11,1,1,2,3,2,2,2,3,920,6.82437367,0,
284,12,1,1,2,3,2,2,2,3,859,6.755768922,0,
284,13,1,1,2,3,2,2,2,3,861,6.758094504,0,
284,14,1,1,2,3,2,2,2,3,862,6.759255271,0,
284,15,1,1,2,3,2,2,2,3,655,6.484635236,0,
288,1,1,1,2,3,2,2,2,2,740,6.606650186,0,
288,2,1,1,2,3,2,2,2,2,700,6.551080335,0,
288,3,1,1,2,3,2,2,2,2,644,6.467698726,0,
288,4,1,1,2,3,2,2,2,2,639,6.459904454,0,
288,5,1,1,2,3,2,2,2,2,639,6.459904454,0,
288,6,1,1,2,3,2,2,2,2,669,6.50578406,0,
288,7,1,1,2,3,2,2,2,2,576,6.356107661,0,
288,8,1,1,2,3,2,2,2,2,669,6.50578406,0,
288,9,1,1,2,3,2,2,2,2,581,6.364750757,0,
288,10,1,1,2,3,2,2,2,2,609,6.411818268,0,
288,11,1,1,2,3,2,2,2,2,591,6.381816017,0,
288,12,1,1,2,3,2,2,2,2,617,6.424869024,0,
288,13,1,1,2,3,2,2,2,2,628,6.442540166,0,
288,14,1,1,2,3,2,2,2,2,605,6.405228458,0,
288,15,1,1,2,3,2,2,2,2,599,6.395261598,0,
288,16,1,1,2,3,2,2,2,2,599,6.395261598,0,
288,17,1,1,2,3,2,2,2,2,560,6.327936784,0,
290,1,1,1,2,3,2,2,2,2,634,6.452048954,0,
290,2,1,1,2,3,2,2,2,2,646,6.470799504,0,
290,3,1,1,2,3,2,2,2,2,606,6.406879986,0,
290,4,1,1,2,3,2,2,2,2,645,6.469250317,0,
290,5,1,1,2,3,2,2,2,2,590,6.380122537,0,
290,6,1,1,2,3,2,2,2,2,638,6.458338283,0,
290,7,1,1,2,3,2,2,2,2,670,6.507277712,0,
290,8,1,1,2,3,2,2,2,2,648,6.473890696,0,
290,9,1,1,2,3,2,2,2,2,663,6.49677499,0,
290,10,1,1,2,3,2,2,2,2,660,6.492239835,0,
290,11,1,1,2,3,2,2,2,2,682,6.525029658,0,
290,12,1,1,2,3,2,2,2,2,713,6.56948142,0,
290,13,1,1,2,3,2,2,2,2,733,6.597145702,0,
290,14,1,1,2,3,2,2,2,2,738,6.603943825,0,
290,15,1,1,2,3,2,2,2,2,702,6.553933404,0,
290,16,1,1,2,3,2,2,2,2,750,6.620073207,0,
290,17,1,1,2,3,2,2,2,2,828,6.719013154,0,
290,18,1,1,2,3,2,2,2,2,785,6.665683718,0,
290,19,1,1,2,3,2,2,2,2,732,6.595780514,0,
290,20,1,1,2,3,2,2,2,2,665,6.499787041,0,
290,21,1,1,2,3,2,2,2,2,691,6.538139824,0,
290,22,1,1,2,3,2,2,2,2,701,6.552507887,0,
290,23,1,1,2,3,2,2,2,2,668,6.504288174,0,
292,1,1,1,2,3,2,2,2,3,1350,7.207859871,1,
292,2,1,1,2,3,2,2,2,3,1346,7.20489251,1,
292,3,1,1,2,3,2,2,2,3,1290,7.162397497,1,
292,4,1,1,2,3,2,2,2,3,807,6.693323668,0,
299,1,1,1,0,1,0,1,2,1,4169,8.335431478,1,
299,2,1,1,0,1,0,1,2,1,4146,8.329899293,1,
299,3,1,1,0,1,0,1,2,1,4211,8.345455428,1,
299,4,1,1,0,1,0,1,2,1,4196,8.34188697,1,
303,1,1,1,0,1,0,1,2,2,4200,8.342839804,1,
303,2,1,1,0,1,0,1,2,2,4215,8.34640487,1,
303,3,1,1,0,1,0,1,2,2,4200,8.342839804,1,
303,4,1,1,0,1,0,1,2,2,4213,8.345930262,1,
303,5,1,1,0,1,0,1,2,2,4200,8.342839804,1,
303,6,1,1,0,1,0,1,2,2,4241,8.352554369,1,
307,1,1,1,2,3,2,2,2,3,4195,8.341648619,1,
307,2,1,1,2,3,2,2,2,3,4258,8.356554845,1,
307,3,1,1,2,3,2,2,2,3,4202,8.343315881,1,
307,4,1,1,2,3,2,2,2,3,4276,8.360773272,1,
309,1,1,1,2,3,2,2,2,3,4232,8.350429974,1,
309,2,1,1,2,3,2,2,2,3,4191,8.340694648,1,
309,3,1,1,2,3,2,2,2,3,4241,8.352554369,1,
309,4,1,1,2,3,2,2,2,3,4161,8.333510709,1,
311,1,1,1,2,3,2,2,2,2,4170,8.335671315,1,
311,2,1,1,2,3,2,2,2,2,4155,8.332067707,1,
311,3,1,1,2,3,2,2,2,2,4182,8.33854488,1,
311,4,1,1,2,3,2,2,2,2,4203,8.343553835,1,
311,5,1,1,2,3,2,2,2,2,4257,8.356319966,1,
311,6,1,1,2,3,2,2,2,2,4235,8.351138607,1,
311,7,1,1,2,3,2,2,2,2,4215,8.34640487,1,
311,8,1,1,2,3,2,2,2,2,4226,8.349011198,1,
311,9,1,1,2,3,2,2,2,2,4267,8.358666283,1,
311,10,1,1,2,3,2,2,2,2,4238,8.351846739,1,
311,11,1,1,2,3,2,2,2,2,4243,8.353025845,1,
311,12,1,1,2,3,2,2,2,2,4205,8.344029572,1,
311,13,1,1,2,3,2,2,2,2,4305,8.367532417,1,
311,14,1,1,2,3,2,2,2,2,4311,8.368925175,1,
311,15,1,1,2,3,2,2,2,2,4269,8.359134887,1,
311,16,1,1,2,3,2,2,2,2,4294,8.364973978,1,
311,17,1,1,2,3,2,2,2,2,4293,8.364741068,1,
311,18,1,1,2,3,2,2,2,2,4333,8.374015422,1,
311,19,1,1,2,3,2,2,2,2,4336,8.374707543,1,
311,20,1,1,2,3,2,2,2,2,4312,8.369157113,1,
311,21,1,1,2,3,2,2,2,2,4349,8.377701213,1,
311,22,1,1,2,3,2,2,2,2,4277,8.361007108,1,
311,23,1,1,2,3,2,2,2,2,4253,8.355379895,1,
311,24,1,1,2,3,2,2,2,2,4195,8.341648619,1,
311,25,1,1,2,3,2,2,2,2,4168,8.335191583,1,
311,26,1,1,2,3,2,2,2,2,4138,8.327967858,1,
311,27,1,1,2,3,2,2,2,2,4056,8.307952545,1,
313,1,1,1,2,3,2,2,2,3,3809,8.245121966,1,
313,2,1,1,2,3,2,2,2,3,3683,8.211482916,1,
313,3,1,1,2,3,2,2,2,3,3518,8.165647925,1,
313,4,1,1,2,3,2,2,2,3,3332,8.111328003,1,
313,5,1,1,2,3,2,2,2,3,3213,8.074960359,1,
313,6,1,1,2,3,2,2,2,3,3137,8.051022208,1,
313,7,1,1,2,3,2,2,2,3,3125,8.047189562,1,
313,8,1,1,2,3,2,2,2,3,3029,8.015987811,1,
313,9,1,1,2,3,2,2,2,3,2914,7.977281987,1,
313,10,1,1,2,3,2,2,2,3,2843,7.952615112,1,
313,11,1,1,2,3,2,2,2,3,2824,7.945909599,1,
313,12,1,1,2,3,2,2,2,3,2696,7.899524472,1,
313,13,1,1,2,3,2,2,2,3,2623,7.87207398,1,
313,14,1,1,2,3,2,2,2,3,2547,7.842671475,1,
313,15,1,1,2,3,2,2,2,3,2483,7.817222786,1,
313,16,1,1,2,3,2,2,2,3,2424,7.793174347,1,
313,17,1,1,2,3,2,2,2,3,2370,7.770645234,1,
313,18,1,1,2,3,2,2,2,3,2327,7.752335163,1,
313,19,1,1,2,3,2,2,2,3,2345,7.760040681,1,
313,20,1,1,2,3,2,2,2,3,2278,7.731053144,1,
313,21,1,1,2,3,2,2,2,3,2215,7.703007682,1,
313,22,1,1,2,3,2,2,2,3,2165,7.68017564,1,
313,23,1,1,2,3,2,2,2,3,2170,7.682482447,1,
313,24,1,1,2,3,2,2,2,3,2121,7.659642955,1,
313,25,1,1,2,3,2,2,2,3,2087,7.643482907,1,
313,26,1,1,2,3,2,2,2,3,2049,7.625107148,1,
313,27,1,1,2,3,2,2,2,2,2103,7.651120176,1,
315,1,1,1,2,3,2,2,2,1,768,6.643789733,0,
315,2,1,1,2,3,2,2,2,2,697,6.546785411,0,
315,3,1,1,2,3,2,2,2,2,726,6.587550015,0,
315,4,1,1,2,3,2,2,2,2,660,6.492239835,0,
317,1,1,1,2,3,2,2,2,2,711,6.56667243,0,
317,2,1,1,2,3,2,2,2,2,810,6.697034248,0,
317,3,1,1,2,3,2,2,2,2,4300,8.366370302,1,
317,4,1,1,2,3,2,2,2,2,2313,7.746300662,1,
317,5,1,1,2,3,2,2,2,2,1567,7.356918242,1,
317,6,1,1,2,3,2,2,2,1,1085,6.989335266,1,
317,7,1,1,2,3,2,2,2,1,761,6.634633358,0,
317,8,1,1,2,3,2,2,2,1,709,6.563855527,0,
317,9,1,1,2,3,2,2,2,1,662,6.495265556,0,
319,1,1,1,2,3,2,2,2,1,884,6.784457063,0,
319,2,1,1,2,3,2,2,2,1,869,6.767343125,0,
319,3,1,1,2,3,2,2,2,1,852,6.747586527,0,
319,4,1,1,2,3,2,2,2,1,897,6.799055862,0,
319,5,1,1,2,3,2,2,2,1,717,6.575075841,0,
319,6,1,1,2,3,2,2,2,1,660,6.492239835,0,
319,7,1,1,2,3,2,2,2,1,642,6.464588304,0,
319,8,1,1,2,3,2,2,2,1,821,6.710523109,0,
319,9,1,1,2,3,2,2,2,1,712,6.568077911,0,
319,10,1,1,2,3,2,2,2,1,830,6.721425701,0,
321,1,1,1,2,3,2,2,2,3,1105,7.007600614,1,
321,2,1,1,2,3,2,2,2,3,1041,6.947937069,1,
321,3,1,1,2,3,2,2,2,3,1346,7.20489251,1,
321,4,1,1,2,3,2,2,2,3,1033,6.940222469,1,
325,1,1,1,0,1,0,1,2,3,837,6.72982407,0,
325,2,1,1,0,1,0,1,2,3,780,6.65929392,0,
325,3,1,1,0,1,0,1,2,3,778,6.656726524,0,
325,4,1,1,0,1,0,1,2,3,793,6.675823222,0,
325,5,1,1,0,1,0,1,2,3,723,6.583409222,0,
325,6,1,1,0,1,0,1,2,3,752,6.622736324,0,
325,7,1,1,0,1,0,1,2,3,720,6.579251212,0,
325,8,1,1,0,1,0,1,2,3,757,6.629363253,0,
327,1,1,1,0,1,0,1,2,3,741,6.608000625,0,
327,2,1,1,0,1,0,1,2,3,755,6.626717749,0,
327,3,1,1,0,1,0,1,2,3,758,6.630683386,0,
327,4,1,1,0,1,0,1,2,3,741,6.608000625,0,
327,5,1,1,0,1,0,1,2,3,721,6.580639137,0,
327,6,1,1,0,1,0,1,2,3,843,6.736966958,0,
327,7,1,1,0,1,0,1,2,3,813,6.70073111,0,
327,8,1,1,0,1,0,1,2,3,726,6.587550015,0,
327,9,1,1,0,1,0,1,2,3,678,6.519147288,0,
327,10,1,1,0,1,0,1,2,3,739,6.605297921,0,
327,11,1,1,0,1,0,1,2,3,697,6.546785411,0,
327,12,1,1,0,1,0,1,2,3,680,6.522092798,0,
327,13,1,1,0,1,0,1,2,3,655,6.484635236,0,
327,14,1,1,0,1,0,1,2,3,640,6.461468176,0,
327,15,1,1,0,1,0,1,2,3,617,6.424869024,0,
327,16,1,1,0,1,0,1,2,3,655,6.484635236,0,
327,17,1,1,0,1,0,1,2,3,665,6.499787041,0,
327,18,1,1,0,1,0,1,2,3,613,6.418364936,0,
327,19,1,1,0,1,0,1,2,3,635,6.453624999,0,
327,20,1,1,0,1,0,1,2,3,632,6.448889394,0,
327,21,1,1,0,1,0,1,2,2,633,6.450470422,0,
327,22,1,1,0,1,0,1,2,2,649,6.475432717,0,
327,23,1,1,0,1,0,1,2,2,615,6.421622268,0,
327,24,1,1,0,1,0,1,2,2,607,6.408528791,0,
327,25,1,1,0,1,0,1,2,2,630,6.445719819,0,
327,26,1,1,0,1,0,1,2,2,616,6.423246964,0,
327,27,1,1,0,1,0,1,2,2,618,6.426488457,0,
327,28,1,1,0,1,0,1,2,2,676,6.516193076,0,
327,29,1,1,0,1,0,1,2,2,815,6.703188113,0,
327,30,1,1,0,1,0,1,2,2,753,6.624065228,0,
327,31,1,1,0,1,0,1,2,2,799,6.683360946,0,
327,32,1,1,0,1,0,1,2,1,770,6.646390515,0,
327,33,1,1,0,1,0,1,2,1,809,6.695798917,0,
327,34,1,1,0,1,0,1,2,1,750,6.620073207,0,
327,35,1,1,0,1,0,1,2,1,841,6.73459166,0,
329,1,1,1,0,1,0,1,2,1,834,6.726233402,0,
329,2,1,1,0,1,0,1,2,1,751,6.621405652,0,
329,3,1,1,0,1,0,1,2,1,837,6.72982407,0,
329,4,1,1,0,1,0,1,2,1,877,6.776506992,0,
329,5,1,1,0,1,0,1,2,1,898,6.800170068,0,
329,6,1,1,0,1,0,1,2,1,864,6.761572769,0,
329,7,1,1,0,1,0,1,2,1,920,6.82437367,0,
329,8,1,1,0,1,0,1,2,1,880,6.779921907,0,
329,9,1,1,0,1,0,1,2,1,1006,6.913737351,1,
329,10,1,1,0,1,0,1,2,1,933,6.838405201,0,
329,11,1,1,0,1,0,1,2,1,830,6.721425701,0,
329,12,1,1,0,1,0,1,2,1,800,6.684611728,0,
329,13,1,1,0,1,0,1,2,1,861,6.758094504,0,
329,14,1,1,0,1,0,1,2,1,799,6.683360946,0,
329,15,1,1,0,1,0,1,2,1,785,6.665683718,0,
329,16,1,1,0,1,0,1,2,1,774,6.651571874,0,
329,17,1,1,0,1,0,1,2,1,728,6.590301048,0,
329,18,1,1,0,1,0,1,2,1,736,6.601230119,0,
329,19,1,1,0,1,0,1,2,1,718,6.576469569,0,
329,20,1,1,0,1,0,1,2,1,720,6.579251212,0,
329,21,1,1,0,1,0,1,2,1,670,6.507277712,0,
329,22,1,1,0,1,0,1,2,1,678,6.519147288,0,
329,23,1,1,0,1,0,1,2,1,685,6.529418838,0,
329,24,1,1,0,1,0,1,2,1,690,6.536691598,0,
329,25,1,1,0,1,0,1,2,1,696,6.54534966,0,
329,26,1,1,0,1,0,1,2,1,707,6.561030666,0,
329,27,1,1,0,1,0,1,2,1,671,6.508769137,0,
329,28,1,1,0,1,0,1,2,1,683,6.52649486,0,
329,29,1,1,0,1,0,1,2,1,670,6.507277712,0,
329,30,1,1,0,1,0,1,2,1,961,6.867974409,0,
329,31,1,1,0,1,0,1,2,1,1011,6.918695219,1,
329,32,1,1,0,1,0,1,2,1,741,6.608000625,0,
330,1,0,0,0,0,0,0,0,0,430,6.063785209,0,Summer
330,2,0,0,0,0,0,0,0,0,422,6.045005314,0,Summer
330,3,0,0,0,0,0,0,0,0,421,6.042632834,0,Summer
330,4,0,0,0,0,0,0,0,0,422,6.045005314,0,Summer
330,5,0,0,0,0,0,0,0,0,435,6.075346031,0,Summer
330,6,0,0,0,0,0,0,0,0,424,6.049733455,0,Summer
330,7,0,0,0,0,0,0,0,0,425,6.052089169,0,Summer
330,8,0,0,0,0,0,0,0,0,433,6.070737728,0,Summer
330,9,0,0,0,0,0,0,0,0,425,6.052089169,0,Summer
330,10,0,0,0,0,0,0,0,0,431,6.06610809,0,Summer
330,11,0,0,0,0,0,0,0,0,424,6.049733455,0,Summer
330,12,0,0,0,0,0,0,0,0,421,6.042632834,0,Summer
330,13,0,0,0,0,0,0,0,0,429,6.061456919,0,Summer
330,14,0,0,0,0,0,0,0,0,430,6.063785209,0,Summer
330,15,0,0,0,0,0,0,0,0,431,6.06610809,0,Summer
330,16,0,0,0,0,0,0,0,0,425,6.052089169,0,Summer
330,17,0,0,0,0,0,0,0,0,422,6.045005314,0,Summer
330,18,0,0,0,0,0,0,0,0,421,6.042632834,0,Summer
330,19,0,0,0,0,0,0,0,0,425,6.052089169,0,Summer
330,20,0,0,0,0,0,0,0,0,435,6.075346031,0,Summer
330,21,0,0,0,0,0,0,0,0,423,6.047372179,0,Summer
330,22,0,0,0,0,0,0,0,0,425,6.052089169,0,Summer
330,23,0,0,0,0,0,0,0,0,428,6.059123196,0,Summer
330,24,0,0,0,0,0,0,0,0,428,6.059123196,0,Summer
330,25,0,0,0,0,0,0,0,0,427,6.056784013,0,Summer
330,26,0,0,0,0,0,0,0,0,418,6.035481433,0,Summer
330,27,0,0,0,0,0,0,0,0,433,6.070737728,0,Summer
330,28,0,0,0,0,0,0,0,0,432,6.068425588,0,Summer
330,29,0,0,0,0,0,0,0,0,419,6.03787092,0,Summer
330,30,0,0,0,0,0,0,0,0,423,6.047372179,0,Summer
330,31,0,0,0,0,0,0,0,0,435,6.075346031,0,Summer
330,32,0,0,0,0,0,0,0,0,427,6.056784013,0,Summer
330,33,0,0,0,0,0,0,0,0,426,6.054439346,0,Summer
330,34,0,0,0,0,0,0,0,0,430,6.063785209,0,Summer
330,35,0,0,0,0,0,0,0,0,433,6.070737728,0,Summer
330,36,0,0,0,0,0,0,0,0,423,6.047372179,0,Summer
330,37,0,0,0,0,0,0,0,0,421,6.042632834,0,Summer
330,38,0,0,0,0,0,0,0,0,426,6.054439346,0,Summer
330,39,0,0,0,0,0,0,0,0,431,6.06610809,0,Summer
330,40,0,0,0,0,0,0,0,0,424,6.049733455,0,Summer
330,41,0,0,0,0,0,0,0,0,421,6.042632834,0,Summer
330,42,0,0,0,0,0,0,0,0,425,6.052089169,0,Summer
330,43,0,0,0,0,0,0,0,0,435,6.075346031,0,Summer
330,44,0,0,0,0,0,0,0,0,432,6.068425588,0,Summer
330,45,0,0,0,0,0,0,0,0,418,6.035481433,0,Summer
330,46,0,0,0,0,0,0,0,0,430,6.063785209,0,Summer
330,47,0,0,0,0,0,0,0,0,426,6.054439346,0,Summer
330,48,0,0,0,0,0,0,0,0,419,6.03787092,0,Summer
330,49,0,0,0,0,0,0,0,0,421,6.042632834,0,Summer
330,50,0,0,0,0,0,0,0,0,422,6.045005314,0,Summer
331,1,0,0,0,0,0,0,0,0,432,6.068425588,0,Summer
331,2,0,0,0,0,0,0,0,0,432,6.068425588,0,Summer
331,3,0,0,0,0,0,0,0,0,421,6.042632834,0,Summer
331,4,0,0,0,0,0,0,0,0,422,6.045005314,0,Summer
331,5,0,0,0,0,0,0,0,0,424,6.049733455,0,Summer
331,6,0,0,0,0,0,0,0,0,424,6.049733455,0,Summer
331,7,0,0,0,0,0,0,0,0,421,6.042632834,0,Summer
331,8,0,0,0,0,0,0,0,0,419,6.03787092,0,Summer
331,9,0,0,0,0,0,0,0,0,432,6.068425588,0,Summer
331,10,0,0,0,0,0,0,0,0,427,6.056784013,0,Summer
331,11,0,0,0,0,0,0,0,0,428,6.059123196,0,Summer
331,12,0,0,0,0,0,0,0,0,426,6.054439346,0,Summer
331,13,0,0,0,0,0,0,0,0,423,6.047372179,0,Summer
331,14,0,0,0,0,0,0,0,0,419,6.03787092,0,Summer
331,15,0,0,0,0,0,0,0,0,435,6.075346031,0,Summer
331,16,0,0,0,0,0,0,0,0,421,6.042632834,0,Summer
331,17,0,0,0,0,0,0,0,0,434,6.073044534,0,Summer
331,18,0,0,0,0,0,0,0,0,431,6.06610809,0,Summer
331,19,0,0,0,0,0,0,0,0,432,6.068425588,0,Summer
331,20,0,0,0,0,0,0,0,0,421,6.042632834,0,Summer
331,21,0,0,0,0,0,0,0,0,424,6.049733455,0,Summer
331,22,0,0,0,0,0,0,0,0,421,6.042632834,0,Summer
331,23,0,0,0,0,0,0,0,0,429,6.061456919,0,Summer
331,24,0,0,0,0,0,0,0,0,432,6.068425588,0,Summer
331,25,0,0,0,0,0,0,0,0,422,6.045005314,0,Summer
331,26,0,0,0,0,0,0,0,0,420,6.040254711,0,Summer
331,27,0,0,0,0,0,0,0,0,418,6.035481433,0,Summer
331,28,0,0,0,0,0,0,0,0,424,6.049733455,0,Summer
331,29,0,0,0,0,0,0,0,0,419,6.03787092,0,Summer
331,30,0,0,0,0,0,0,0,0,427,6.056784013,0,Summer
331,31,0,0,0,0,0,0,0,0,425,6.052089169,0,Summer
331,32,0,0,0,0,0,0,0,0,434,6.073044534,0,Summer
331,33,0,0,0,0,0,0,0,0,431,6.06610809,0,Summer
331,34,0,0,0,0,0,0,0,0,429,6.061456919,0,Summer
331,35,0,0,0,0,0,0,0,0,427,6.056784013,0,Summer
331,36,0,0,0,0,0,0,0,0,425,6.052089169,0,Summer
331,37,0,0,0,0,0,0,0,0,425,6.052089169,0,Summer
331,38,0,0,0,0,0,0,0,0,418,6.035481433,0,Summer
331,39,0,0,0,0,0,0,0,0,433,6.070737728,0,Summer
331,40,0,0,0,0,0,0,0,0,422,6.045005314,0,Summer
331,41,0,0,0,0,0,0,0,0,423,6.047372179,0,Summer
331,42,0,0,0,0,0,0,0,0,421,6.042632834,0,Summer
331,43,0,0,0,0,0,0,0,0,424,6.049733455,0,Summer
331,44,0,0,0,0,0,0,0,0,425,6.052089169,0,Summer
331,45,0,0,0,0,0,0,0,0,418,6.035481433,0,Summer
331,46,0,0,0,0,0,0,0,0,426,6.054439346,0,Summer
331,47,0,0,0,0,0,0,0,0,425,6.052089169,0,Summer
331,48,0,0,0,0,0,0,0,0,422,6.045005314,0,Summer
331,49,0,0,0,0,0,0,0,0,429,6.061456919,0,Summer
331,50,0,0,0,0,0,0,0,0,426,6.054439346,0,Summer
332,1,0,0,0,0,0,0,0,0,425,6.052089169,0,Summer
332,2,0,0,0,0,0,0,0,0,432,6.068425588,0,Summer
332,3,0,0,0,0,0,0,0,0,431,6.06610809,0,Summer
332,4,0,0,0,0,0,0,0,0,431,6.06610809,0,Summer
332,5,0,0,0,0,0,0,0,0,429,6.061456919,0,Summer
332,6,0,0,0,0,0,0,0,0,427,6.056784013,0,Summer
332,7,0,0,0,0,0,0,0,0,430,6.063785209,0,Summer
332,8,0,0,0,0,0,0,0,0,435,6.075346031,0,Summer
332,9,0,0,0,0,0,0,0,0,425,6.052089169,0,Summer
332,10,0,0,0,0,0,0,0,0,435,6.075346031,0,Summer
332,11,0,0,0,0,0,0,0,0,418,6.035481433,0,Summer
332,12,0,0,0,0,0,0,0,0,426,6.054439346,0,Summer
332,13,0,0,0,0,0,0,0,0,434,6.073044534,0,Summer
332,14,0,0,0,0,0,0,0,0,426,6.054439346,0,Summer
332,15,0,0,0,0,0,0,0,0,430,6.063785209,0,Summer
332,16,0,0,0,0,0,0,0,0,430,6.063785209,0,Summer
332,17,0,0,0,0,0,0,0,0,426,6.054439346,0,Summer
332,18,0,0,0,0,0,0,0,0,424,6.049733455,0,Summer
332,19,0,0,0,0,0,0,0,0,426,6.054439346,0,Summer
332,20,0,0,0,0,0,0,0,0,423,6.047372179,0,Summer
332,21,0,0,0,0,0,0,0,0,427,6.056784013,0,Summer
332,22,0,0,0,0,0,0,0,0,424,6.049733455,0,Summer
332,23,0,0,0,0,0,0,0,0,431,6.06610809,0,Summer
332,24,0,0,0,0,0,0,0,0,422,6.045005314,0,Summer
332,25,0,0,0,0,0,0,0,0,433,6.070737728,0,Summer
332,26,0,0,0,0,0,0,0,0,426,6.054439346,0,Summer
332,27,0,0,0,0,0,0,0,0,433,6.070737728,0,Summer
332,28,0,0,0,0,0,0,0,0,432,6.068425588,0,Summer
332,29,0,0,0,0,0,0,0,0,434,6.073044534,0,Summer
332,30,0,0,0,0,0,0,0,0,427,6.056784013,0,Summer
332,31,0,0,0,0,0,0,0,0,418,6.035481433,0,Summer
332,32,0,0,0,0,0,0,0,0,421,6.042632834,0,Summer
332,33,0,0,0,0,0,0,0,0,422,6.045005314,0,Summer
332,34,0,0,0,0,0,0,0,0,419,6.03787092,0,Summer
332,35,0,0,0,0,0,0,0,0,435,6.075346031,0,Summer
332,36,0,0,0,0,0,0,0,0,419,6.03787092,0,Summer
332,37,0,0,0,0,0,0,0,0,434,6.073044534,0,Summer
332,38,0,0,0,0,0,0,0,0,422,6.045005314,0,Summer
332,39,0,0,0,0,0,0,0,0,431,6.06610809,0,Summer
332,40,0,0,0,0,0,0,0,0,419,6.03787092,0,Summer
332,41,0,0,0,0,0,0,0,0,423,6.047372179,0,Summer
332,42,0,0,0,0,0,0,0,0,424,6.049733455,0,Summer
332,43,0,0,0,0,0,0,0,0,422,6.045005314,0,Summer
332,44,0,0,0,0,0,0,0,0,435,6.075346031,0,Summer
332,45,0,0,0,0,0,0,0,0,418,6.035481433,0,Summer
332,46,0,0,0,0,0,0,0,0,432,6.068425588,0,Summer
332,47,0,0,0,0,0,0,0,0,435,6.075346031,0,Summer
332,48,0,0,0,0,0,0,0,0,428,6.059123196,0,Summer
332,49,0,0,0,0,0,0,0,0,422,6.045005314,0,Summer
332,50,0,0,0,0,0,0,0,0,423,6.047372179,0,Summer
333,1,0,0,0,0,0,0,0,0,429,6.061456919,0,Summer
333,2,0,0,0,0,0,0,0,0,435,6.075346031,0,Summer
333,3,0,0,0,0,0,0,0,0,419,6.03787092,0,Summer
333,4,0,0,0,0,0,0,0,0,418,6.035481433,0,Summer
333,5,0,0,0,0,0,0,0,0,423,6.047372179,0,Summer
333,6,0,0,0,0,0,0,0,0,420,6.040254711,0,Summer
333,7,0,0,0,0,0,0,0,0,431,6.06610809,0,Summer
333,8,0,0,0,0,0,0,0,0,432,6.068425588,0,Summer
333,9,0,0,0,0,0,0,0,0,419,6.03787092,0,Summer
333,10,0,0,0,0,0,0,0,0,434,6.073044534,0,Summer
333,11,0,0,0,0,0,0,0,0,427,6.056784013,0,Summer
333,12,0,0,0,0,0,0,0,0,427,6.056784013,0,Summer
333,13,0,0,0,0,0,0,0,0,433,6.070737728,0,Summer
333,14,0,0,0,0,0,0,0,0,431,6.06610809,0,Summer
333,15,0,0,0,0,0,0,0,0,423,6.047372179,0,Summer
333,16,0,0,0,0,0,0,0,0,426,6.054439346,0,Summer
333,17,0,0,0,0,0,0,0,0,435,6.075346031,0,Summer
333,18,0,0,0,0,0,0,0,0,433,6.070737728,0,Summer
333,19,0,0,0,0,0,0,0,0,430,6.063785209,0,Summer
333,20,0,0,0,0,0,0,0,0,423,6.047372179,0,Summer
333,21,0,0,0,0,0,0,0,0,429,6.061456919,0,Summer
333,22,0,0,0,0,0,0,0,0,428,6.059123196,0,Summer
333,23,0,0,0,0,0,0,0,0,432,6.068425588,0,Summer
333,24,0,0,0,0,0,0,0,0,429,6.061456919,0,Summer
333,25,0,0,0,0,0,0,0,0,433,6.070737728,0,Summer
333,26,0,0,0,0,0,0,0,0,419,6.03787092,0,Summer
333,27,0,0,0,0,0,0,0,0,425,6.052089169,0,Summer
333,28,0,0,0,0,0,0,0,0,431,6.06610809,0,Summer
333,29,0,0,0,0,0,0,0,0,426,6.054439346,0,Summer
333,30,0,0,0,0,0,0,0,0,419,6.03787092,0,Summer
333,31,0,0,0,0,0,0,0,0,419,6.03787092,0,Summer
333,32,0,0,0,0,0,0,0,0,420,6.040254711,0,Summer
333,33,0,0,0,0,0,0,0,0,419,6.03787092,0,Summer
333,34,0,0,0,0,0,0,0,0,435,6.075346031,0,Summer
333,35,0,0,0,0,0,0,0,0,420,6.040254711,0,Summer
333,36,0,0,0,0,0,0,0,0,435,6.075346031,0,Summer
333,37,0,0,0,0,0,0,0,0,431,6.06610809,0,Summer
333,38,0,0,0,0,0,0,0,0,432,6.068425588,0,Summer
333,39,0,0,0,0,0,0,0,0,432,6.068425588,0,Summer
333,40,0,0,0,0,0,0,0,0,422,6.045005314,0,Summer
333,41,0,0,0,0,0,0,0,0,428,6.059123196,0,Summer
333,42,0,0,0,0,0,0,0,0,435,6.075346031,0,Summer
333,43,0,0,0,0,0,0,0,0,428,6.059123196,0,Summer
333,44,0,0,0,0,0,0,0,0,426,6.054439346,0,Summer
333,45,0,0,0,0,0,0,0,0,434,6.073044534,0,Summer
333,46,0,0,0,0,0,0,0,0,428,6.059123196,0,Summer
333,47,0,0,0,0,0,0,0,0,422,6.045005314,0,Summer
333,48,0,0,0,0,0,0,0,0,427,6.056784013,0,Summer
333,49,0,0,0,0,0,0,0,0,429,6.061456919,0,Summer
333,50,0,0,0,0,0,0,0,0,433,6.070737728,0,Summer
334,1,0,0,0,0,0,0,0,0,426,6.054439346,0,Summer
334,2,0,0,0,0,0,0,0,0,429,6.061456919,0,Summer
334,3,0,0,0,0,0,0,0,0,430,6.063785209,0,Summer
334,4,0,0,0,0,0,0,0,0,434,6.073044534,0,Summer
334,5,0,0,0,0,0,0,0,0,432,6.068425588,0,Summer
334,6,0,0,0,0,0,0,0,0,430,6.063785209,0,Summer
334,7,0,0,0,0,0,0,0,0,424,6.049733455,0,Summer
334,8,0,0,0,0,0,0,0,0,425,6.052089169,0,Summer
334,9,0,0,0,0,0,0,0,0,419,6.03787092,0,Summer
334,10,0,0,0,0,0,0,0,0,421,6.042632834,0,Summer
334,11,0,0,0,0,0,0,0,0,426,6.054439346,0,Summer
334,12,0,0,0,0,0,0,0,0,418,6.035481433,0,Summer
334,13,0,0,0,0,0,0,0,0,424,6.049733455,0,Summer
334,14,0,0,0,0,0,0,0,0,428,6.059123196,0,Summer
334,15,0,0,0,0,0,0,0,0,434,6.073044534,0,Summer
334,16,0,0,0,0,0,0,0,0,433,6.070737728,0,Summer
334,17,0,0,0,0,0,0,0,0,421,6.042632834,0,Summer
334,18,0,0,0,0,0,0,0,0,433,6.070737728,0,Summer
334,19,0,0,0,0,0,0,0,0,433,6.070737728,0,Summer
334,20,0,0,0,0,0,0,0,0,433,6.070737728,0,Summer
334,21,0,0,0,0,0,0,0,0,424,6.049733455,0,Summer
334,22,0,0,0,0,0,0,0,0,428,6.059123196,0,Summer
334,23,0,0,0,0,0,0,0,0,429,6.061456919,0,Summer
334,24,0,0,0,0,0,0,0,0,433,6.070737728,0,Summer
334,25,0,0,0,0,0,0,0,0,426,6.054439346,0,Summer
334,26,0,0,0,0,0,0,0,0,423,6.047372179,0,Summer
334,27,0,0,0,0,0,0,0,0,424,6.049733455,0,Summer
334,28,0,0,0,0,0,0,0,0,433,6.070737728,0,Summer
334,29,0,0,0,0,0,0,0,0,430,6.063785209,0,Summer
334,30,0,0,0,0,0,0,0,0,421,6.042632834,0,Summer
334,31,0,0,0,0,0,0,0,0,433,6.070737728,0,Summer
334,32,0,0,0,0,0,0,0,0,419,6.03787092,0,Summer
334,33,0,0,0,0,0,0,0,0,418,6.035481433,0,Summer
334,34,0,0,0,0,0,0,0,0,433,6.070737728,0,Summer
334,35,0,0,0,0,0,0,0,0,429,6.061456919,0,Summer
334,36,0,0,0,0,0,0,0,0,418,6.035481433,0,Summer
334,37,0,0,0,0,0,0,0,0,424,6.049733455,0,Summer
334,38,0,0,0,0,0,0,0,0,421,6.042632834,0,Summer
334,39,0,0,0,0,0,0,0,0,433,6.070737728,0,Summer
334,40,0,0,0,0,0,0,0,0,427,6.056784013,0,Summer
334,41,0,0,0,0,0,0,0,0,419,6.03787092,0,Summer
334,42,0,0,0,0,0,0,0,0,428,6.059123196,0,Summer
334,43,0,0,0,0,0,0,0,0,422,6.045005314,0,Summer
334,44,0,0,0,0,0,0,0,0,435,6.075346031,0,Summer
334,45,0,0,0,0,0,0,0,0,426,6.054439346,0,Summer
334,46,0,0,0,0,0,0,0,0,419,6.03787092,0,Summer
334,47,0,0,0,0,0,0,0,0,419,6.03787092,0,Summer
334,48,0,0,0,0,0,0,0,0,426,6.054439346,0,Summer
334,49,0,0,0,0,0,0,0,0,427,6.056784013,0,Summer
334,50,0,0,0,0,0,0,0,0,431,6.06610809,0,Summer
335,1,0,0,0,0,0,0,0,0,418,6.035481433,0,Summer
335,2,0,0,0,0,0,0,0,0,422,6.045005314,0,Summer
335,3,0,0,0,0,0,0,0,0,429,6.061456919,0,Summer
335,4,0,0,0,0,0,0,0,0,433,6.070737728,0,Summer
335,5,0,0,0,0,0,0,0,0,428,6.059123196,0,Summer
335,6,0,0,0,0,0,0,0,0,422,6.045005314,0,Summer
335,7,0,0,0,0,0,0,0,0,435,6.075346031,0,Summer
335,8,0,0,0,0,0,0,0,0,428,6.059123196,0,Summer
335,9,0,0,0,0,0,0,0,0,420,6.040254711,0,Summer
335,10,0,0,0,0,0,0,0,0,431,6.06610809,0,Summer
335,11,0,0,0,0,0,0,0,0,432,6.068425588,0,Summer
335,12,0,0,0,0,0,0,0,0,422,6.045005314,0,Summer
335,13,0,0,0,0,0,0,0,0,424,6.049733455,0,Summer
335,14,0,0,0,0,0,0,0,0,419,6.03787092,0,Summer
335,15,0,0,0,0,0,0,0,0,427,6.056784013,0,Summer
335,16,0,0,0,0,0,0,0,0,427,6.056784013,0,Summer
335,17,0,0,0,0,0,0,0,0,434,6.073044534,0,Summer
335,18,0,0,0,0,0,0,0,0,428,6.059123196,0,Summer
335,19,0,0,0,0,0,0,0,0,431,6.06610809,0,Summer
335,20,0,0,0,0,0,0,0,0,434,6.073044534,0,Summer
335,21,0,0,0,0,0,0,0,0,435,6.075346031,0,Summer
335,22,0,0,0,0,0,0,0,0,431,6.06610809,0,Summer
335,23,0,0,0,0,0,0,0,0,426,6.054439346,0,Summer
335,24,0,0,0,0,0,0,0,0,435,6.075346031,0,Summer
335,25,0,0,0,0,0,0,0,0,430,6.063785209,0,Summer
335,26,0,0,0,0,0,0,0,0,435,6.075346031,0,Summer
335,27,0,0,0,0,0,0,0,0,418,6.035481433,0,Summer
335,28,0,0,0,0,0,0,0,0,431,6.06610809,0,Summer
335,29,0,0,0,0,0,0,0,0,427,6.056784013,0,Summer
335,30,0,0,0,0,0,0,0,0,427,6.056784013,0,Summer
335,31,0,0,0,0,0,0,0,0,428,6.059123196,0,Summer
335,32,0,0,0,0,0,0,0,0,420,6.040254711,0,Summer
335,33,0,0,0,0,0,0,0,0,434,6.073044534,0,Summer
335,34,0,0,0,0,0,0,0,0,428,6.059123196,0,Summer
335,35,0,0,0,0,0,0,0,0,418,6.035481433,0,Summer
335,36,0,0,0,0,0,0,0,0,422,6.045005314,0,Summer
335,37,0,0,0,0,0,0,0,0,421,6.042632834,0,Summer
335,38,0,0,0,0,0,0,0,0,427,6.056784013,0,Summer
335,39,0,0,0,0,0,0,0,0,429,6.061456919,0,Summer
335,40,0,0,0,0,0,0,0,0,419,6.03787092,0,Summer
335,41,0,0,0,0,0,0,0,0,420,6.040254711,0,Summer
335,42,0,0,0,0,0,0,0,0,428,6.059123196,0,Summer
335,43,0,0,0,0,0,0,0,0,428,6.059123196,0,Summer
335,44,0,0,0,0,0,0,0,0,419,6.03787092,0,Summer
335,45,0,0,0,0,0,0,0,0,424,6.049733455,0,Summer
335,46,0,0,0,0,0,0,0,0,426,6.054439346,0,Summer
335,47,0,0,0,0,0,0,0,0,426,6.054439346,0,Summer
335,48,0,0,0,0,0,0,0,0,434,6.073044534,0,Summer
335,49,0,0,0,0,0,0,0,0,435,6.075346031,0,Summer
335,50,0,0,0,0,0,0,0,0,422,6.045005314,0,Summer
336,1,1,1,0,0,0,0,0,0,455,6.120297419,0,
336,2,1,1,0,0,0,0,0,0,454,6.118097198,0,
336,3,1,1,0,0,0,0,0,0,442,6.091309882,0,
336,4,1,1,0,0,0,0,0,0,444,6.095824562,0,
336,5,1,1,0,0,0,0,0,0,444,6.095824562,0,
336,6,1,1,0,0,0,0,0,0,449,6.107022888,0,
336,7,1,1,0,0,0,0,0,0,439,6.084499413,0,
336,8,1,1,0,0,0,0,0,0,432,6.068425588,0,
336,9,1,1,0,0,0,0,0,0,431,6.06610809,0,
336,10,1,1,0,0,0,0,0,0,447,6.102558595,0,
336,11,1,1,0,0,0,0,0,0,431,6.06610809,0,
336,12,1,1,0,0,0,0,0,0,438,6.08221891,0,
336,13,1,1,0,0,0,0,0,0,443,6.09356977,0,
336,14,1,1,0,0,0,0,0,0,443,6.09356977,0,
336,15,1,1,0,0,0,0,0,0,432,6.068425588,0,
336,16,1,1,0,0,0,0,0,0,444,6.095824562,0,
336,17,1,1,0,0,0,0,0,0,437,6.079933195,0,
336,18,1,1,0,0,0,0,0,0,431,6.06610809,0,
336,19,1,1,0,0,0,0,0,0,437,6.079933195,0,
336,20,1,1,0,0,0,0,0,0,459,6.12905021,0,
336,21,1,1,0,0,0,0,0,0,443,6.09356977,0,
336,22,1,1,0,0,0,0,0,0,439,6.084499413,0,
336,23,1,1,0,0,0,0,0,0,460,6.131226489,0,
336,24,1,1,0,0,0,0,0,0,432,6.068425588,0,
336,25,1,1,0,0,0,0,0,0,435,6.075346031,0,
336,26,1,1,0,0,0,0,0,0,441,6.089044875,0,
336,27,1,1,0,0,0,0,0,0,456,6.12249281,0,
336,28,1,1,0,0,0,0,0,0,439,6.084499413,0,
336,29,1,1,0,0,0,0,0,0,454,6.118097198,0,
336,30,1,1,0,0,0,0,0,0,445,6.098074282,0,
336,31,1,1,0,0,0,0,0,0,443,6.09356977,0,
336,32,1,1,0,0,0,0,0,0,436,6.077642243,0,
336,33,1,1,0,0,0,0,0,0,446,6.100318952,0,
336,34,1,1,0,0,0,0,0,0,449,6.107022888,0,
336,35,1,1,0,0,0,0,0,0,454,6.118097198,0,
336,36,1,1,0,0,0,0,0,0,434,6.073044534,0,
336,37,1,1,0,0,0,0,0,0,459,6.12905021,0,
336,38,1,1,0,0,0,0,0,0,440,6.086774727,0,
336,39,1,1,0,0,0,0,0,0,447,6.102558595,0,
336,40,1,1,0,0,0,0,0,0,433,6.070737728,0,
336,41,1,1,0,0,0,0,0,0,432,6.068425588,0,
336,42,1,1,0,0,0,0,0,0,445,6.098074282,0,
336,43,1,1,0,0,0,0,0,0,457,6.124683391,0,
336,44,1,1,0,0,0,0,0,0,451,6.11146734,0,
336,45,1,1,0,0,0,0,0,0,435,6.075346031,0,
336,46,1,1,0,0,0,0,0,0,456,6.12249281,0,
336,47,1,1,0,0,0,0,0,0,443,6.09356977,0,
336,48,1,1,0,0,0,0,0,0,445,6.098074282,0,
336,49,1,1,0,0,0,0,0,0,445,6.098074282,0,
336,50,1,1,0,0,0,0,0,0,440,6.086774727,0,
337,1,1,1,0,0,0,0,0,0,453,6.115892125,0,
337,2,1,1,0,0,0,0,0,0,445,6.098074282,0,
337,3,1,1,0,0,0,0,0,0,447,6.102558595,0,
337,4,1,1,0,0,0,0,0,0,457,6.124683391,0,
337,5,1,1,0,0,0,0,0,0,440,6.086774727,0,
337,6,1,1,0,0,0,0,0,0,457,6.124683391,0,
337,7,1,1,0,0,0,0,0,0,454,6.118097198,0,
337,8,1,1,0,0,0,0,0,0,454,6.118097198,0,
337,9,1,1,0,0,0,0,0,0,447,6.102558595,0,
337,10,1,1,0,0,0,0,0,0,434,6.073044534,0,
337,11,1,1,0,0,0,0,0,0,440,6.086774727,0,
337,12,1,1,0,0,0,0,0,0,458,6.126869184,0,
337,13,1,1,0,0,0,0,0,0,452,6.11368218,0,
337,14,1,1,0,0,0,0,0,0,457,6.124683391,0,
337,15,1,1,0,0,0,0,0,0,450,6.109247583,0,
337,16,1,1,0,0,0,0,0,0,430,6.063785209,0,
337,17,1,1,0,0,0,0,0,0,459,6.12905021,0,
337,18,1,1,0,0,0,0,0,0,451,6.11146734,0,
337,19,1,1,0,0,0,0,0,0,450,6.109247583,0,
337,20,1,1,0,0,0,0,0,0,454,6.118097198,0,
337,21,1,1,0,0,0,0,0,0,433,6.070737728,0,
337,22,1,1,0,0,0,0,0,0,452,6.11368218,0,
337,23,1,1,0,0,0,0,0,0,440,6.086774727,0,
337,24,1,1,0,0,0,0,0,0,443,6.09356977,0,
337,25,1,1,0,0,0,0,0,0,452,6.11368218,0,
337,26,1,1,0,0,0,0,0,0,440,6.086774727,0,
337,27,1,1,0,0,0,0,0,0,436,6.077642243,0,
337,28,1,1,0,0,0,0,0,0,442,6.091309882,0,
337,29,1,1,0,0,0,0,0,0,451,6.11146734,0,
337,30,1,1,0,0,0,0,0,0,452,6.11368218,0,
337,31,1,1,0,0,0,0,0,0,431,6.06610809,0,
337,32,1,1,0,0,0,0,0,0,448,6.104793232,0,
337,33,1,1,0,0,0,0,0,0,445,6.098074282,0,
337,34,1,1,0,0,0,0,0,0,440,6.086774727,0,
337,35,1,1,0,0,0,0,0,0,451,6.11146734,0,
337,36,1,1,0,0,0,0,0,0,442,6.091309882,0,
337,37,1,1,0,0,0,0,0,0,433,6.070737728,0,
337,38,1,1,0,0,0,0,0,0,432,6.068425588,0,
337,39,1,1,0,0,0,0,0,0,445,6.098074282,0,
337,40,1,1,0,0,0,0,0,0,437,6.079933195,0,
337,41,1,1,0,0,0,0,0,0,455,6.120297419,0,
337,42,1,1,0,0,0,0,0,0,440,6.086774727,0,
337,43,1,1,0,0,0,0,0,0,440,6.086774727,0,
337,44,1,1,0,0,0,0,0,0,444,6.095824562,0,
337,45,1,1,0,0,0,0,0,0,446,6.100318952,0,
337,46,1,1,0,0,0,0,0,0,452,6.11368218,0,
337,47,1,1,0,0,0,0,0,0,454,6.118097198,0,
337,48,1,1,0,0,0,0,0,0,433,6.070737728,0,
337,49,1,1,0,0,0,0,0,0,458,6.126869184,0,
337,50,1,1,0,0,0,0,0,0,431,6.06610809,0,
338,1,1,1,0,0,0,0,0,0,436,6.077642243,0,
338,2,1,1,0,0,0,0,0,0,449,6.107022888,0,
338,3,1,1,0,0,0,0,0,0,430,6.063785209,0,
338,4,1,1,0,0,0,0,0,0,447,6.102558595,0,
338,5,1,1,0,0,0,0,0,0,440,6.086774727,0,
338,6,1,1,0,0,0,0,0,0,457,6.124683391,0,
338,7,1,1,0,0,0,0,0,0,443,6.09356977,0,
338,8,1,1,0,0,0,0,0,0,460,6.131226489,0,
338,9,1,1,0,0,0,0,0,0,439,6.084499413,0,
338,10,1,1,0,0,0,0,0,0,454,6.118097198,0,
338,11,1,1,0,0,0,0,0,0,454,6.118097198,0,
338,12,1,1,0,0,0,0,0,0,434,6.073044534,0,
338,13,1,1,0,0,0,0,0,0,431,6.06610809,0,
338,14,1,1,0,0,0,0,0,0,443,6.09356977,0,
338,15,1,1,0,0,0,0,0,0,448,6.104793232,0,
338,16,1,1,0,0,0,0,0,0,446,6.100318952,0,
338,17,1,1,0,0,0,0,0,0,454,6.118097198,0,
338,18,1,1,0,0,0,0,0,0,457,6.124683391,0,
338,19,1,1,0,0,0,0,0,0,437,6.079933195,0,
338,20,1,1,0,0,0,0,0,0,439,6.084499413,0,
338,21,1,1,0,0,0,0,0,0,441,6.089044875,0,
338,22,1,1,0,0,0,0,0,0,443,6.09356977,0,
338,23,1,1,0,0,0,0,0,0,440,6.086774727,0,
338,24,1,1,0,0,0,0,0,0,457,6.124683391,0,
338,25,1,1,0,0,0,0,0,0,433,6.070737728,0,
338,26,1,1,0,0,0,0,0,0,450,6.109247583,0,
338,27,1,1,0,0,0,0,0,0,439,6.084499413,0,
338,28,1,1,0,0,0,0,0,0,451,6.11146734,0,
338,29,1,1,0,0,0,0,0,0,444,6.095824562,0,
338,30,1,1,0,0,0,0,0,0,453,6.115892125,0,
338,31,1,1,0,0,0,0,0,0,446,6.100318952,0,
338,32,1,1,0,0,0,0,0,0,451,6.11146734,0,
338,33,1,1,0,0,0,0,0,0,435,6.075346031,0,
338,34,1,1,0,0,0,0,0,0,446,6.100318952,0,
338,35,1,1,0,0,0,0,0,0,449,6.107022888,0,
338,36,1,1,0,0,0,0,0,0,456,6.12249281,0,
338,37,1,1,0,0,0,0,0,0,452,6.11368218,0,
338,38,1,1,0,0,0,0,0,0,433,6.070737728,0,
338,39,1,1,0,0,0,0,0,0,455,6.120297419,0,
338,40,1,1,0,0,0,0,0,0,436,6.077642243,0,
338,41,1,1,0,0,0,0,0,0,445,6.098074282,0,
338,42,1,1,0,0,0,0,0,0,455,6.120297419,0,
338,43,1,1,0,0,0,0,0,0,432,6.068425588,0,
338,44,1,1,0,0,0,0,0,0,447,6.102558595,0,
338,45,1,1,0,0,0,0,0,0,446,6.100318952,0,
338,46,1,1,0,0,0,0,0,0,456,6.12249281,0,
338,47,1,1,0,0,0,0,0,0,453,6.115892125,0,
338,48,1,1,0,0,0,0,0,0,443,6.09356977,0,
338,49,1,1,0,0,0,0,0,0,438,6.08221891,0,
338,50,1,1,0,0,0,0,0,0,457,6.124683391,0,
339,1,1,1,0,0,0,0,0,0,454,6.118097198,0,
339,2,1,1,0,0,0,0,0,0,438,6.08221891,0,
339,3,1,1,0,0,0,0,0,0,458,6.126869184,0,
339,4,1,1,0,0,0,0,0,0,433,6.070737728,0,
339,5,1,1,0,0,0,0,0,0,440,6.086774727,0,
339,6,1,1,0,0,0,0,0,0,443,6.09356977,0,
339,7,1,1,0,0,0,0,0,0,434,6.073044534,0,
339,8,1,1,0,0,0,0,0,0,448,6.104793232,0,
339,9,1,1,0,0,0,0,0,0,436,6.077642243,0,
339,10,1,1,0,0,0,0,0,0,441,6.089044875,0,
339,11,1,1,0,0,0,0,0,0,451,6.11146734,0,
339,12,1,1,0,0,0,0,0,0,431,6.06610809,0,
339,13,1,1,0,0,0,0,0,0,448,6.104793232,0,
339,14,1,1,0,0,0,0,0,0,456,6.12249281,0,
339,15,1,1,0,0,0,0,0,0,440,6.086774727,0,
339,16,1,1,0,0,0,0,0,0,455,6.120297419,0,
339,17,1,1,0,0,0,0,0,0,450,6.109247583,0,
339,18,1,1,0,0,0,0,0,0,453,6.115892125,0,
339,19,1,1,0,0,0,0,0,0,430,6.063785209,0,
339,20,1,1,0,0,0,0,0,0,458,6.126869184,0,
339,21,1,1,0,0,0,0,0,0,431,6.06610809,0,
339,22,1,1,0,0,0,0,0,0,431,6.06610809,0,
339,23,1,1,0,0,0,0,0,0,460,6.131226489,0,
339,24,1,1,0,0,0,0,0,0,459,6.12905021,0,
339,25,1,1,0,0,0,0,0,0,443,6.09356977,0,
339,26,1,1,0,0,0,0,0,0,442,6.091309882,0,
339,27,1,1,0,0,0,0,0,0,438,6.08221891,0,
339,28,1,1,0,0,0,0,0,0,430,6.063785209,0,
339,29,1,1,0,0,0,0,0,0,444,6.095824562,0,
339,30,1,1,0,0,0,0,0,0,439,6.084499413,0,
339,31,1,1,0,0,0,0,0,0,452,6.11368218,0,
339,32,1,1,0,0,0,0,0,0,431,6.06610809,0,
339,33,1,1,0,0,0,0,0,0,449,6.107022888,0,
339,34,1,1,0,0,0,0,0,0,437,6.079933195,0,
339,35,1,1,0,0,0,0,0,0,450,6.109247583,0,
339,36,1,1,0,0,0,0,0,0,444,6.095824562,0,
339,37,1,1,0,0,0,0,0,0,439,6.084499413,0,
339,38,1,1,0,0,0,0,0,0,430,6.063785209,0,
339,39,1,1,0,0,0,0,0,0,458,6.126869184,0,
339,40,1,1,0,0,0,0,0,0,447,6.102558595,0,
339,41,1,1,0,0,0,0,0,0,441,6.089044875,0,
339,42,1,1,0,0,0,0,0,0,446,6.100318952,0,
339,43,1,1,0,0,0,0,0,0,439,6.084499413,0,
339,44,1,1,0,0,0,0,0,0,448,6.104793232,0,
339,45,1,1,0,0,0,0,0,0,451,6.11146734,0,
339,46,1,1,0,0,0,0,0,0,443,6.09356977,0,
339,47,1,1,0,0,0,0,0,0,458,6.126869184,0,
339,48,1,1,0,0,0,0,0,0,442,6.091309882,0,
339,49,1,1,0,0,0,0,0,0,439,6.084499413,0,
339,50,1,1,0,0,0,0,0,0,448,6.104793232,0,
340,1,1,1,0,0,0,0,0,0,432,6.068425588,0,
340,2,1,1,0,0,0,0,0,0,431,6.06610809,0,
340,3,1,1,0,0,0,0,0,0,432,6.068425588,0,
340,4,1,1,0,0,0,0,0,0,460,6.131226489,0,
340,5,1,1,0,0,0,0,0,0,446,6.100318952,0,
340,6,1,1,0,0,0,0,0,0,450,6.109247583,0,
340,7,1,1,0,0,0,0,0,0,453,6.115892125,0,
340,8,1,1,0,0,0,0,0,0,437,6.079933195,0,
340,9,1,1,0,0,0,0,0,0,457,6.124683391,0,
340,10,1,1,0,0,0,0,0,0,456,6.12249281,0,
340,11,1,1,0,0,0,0,0,0,458,6.126869184,0,
340,12,1,1,0,0,0,0,0,0,454,6.118097198,0,
340,13,1,1,0,0,0,0,0,0,447,6.102558595,0,
340,14,1,1,0,0,0,0,0,0,441,6.089044875,0,
340,15,1,1,0,0,0,0,0,0,436,6.077642243,0,
340,16,1,1,0,0,0,0,0,0,454,6.118097198,0,
340,17,1,1,0,0,0,0,0,0,443,6.09356977,0,
340,18,1,1,0,0,0,0,0,0,438,6.08221891,0,
340,19,1,1,0,0,0,0,0,0,460,6.131226489,0,
340,20,1,1,0,0,0,0,0,0,458,6.126869184,0,
340,21,1,1,0,0,0,0,0,0,442,6.091309882,0,
340,22,1,1,0,0,0,0,0,0,433,6.070737728,0,
340,23,1,1,0,0,0,0,0,0,440,6.086774727,0,
340,24,1,1,0,0,0,0,0,0,432,6.068425588,0,
340,25,1,1,0,0,0,0,0,0,430,6.063785209,0,
340,26,1,1,0,0,0,0,0,0,458,6.126869184,0,
340,27,1,1,0,0,0,0,0,0,455,6.120297419,0,
340,28,1,1,0,0,0,0,0,0,454,6.118097198,0,
340,29,1,1,0,0,0,0,0,0,440,6.086774727,0,
340,30,1,1,0,0,0,0,0,0,431,6.06610809,0,
340,31,1,1,0,0,0,0,0,0,431,6.06610809,0,
340,32,1,1,0,0,0,0,0,0,437,6.079933195,0,
340,33,1,1,0,0,0,0,0,0,459,6.12905021,0,
340,34,1,1,0,0,0,0,0,0,448,6.104793232,0,
340,35,1,1,0,0,0,0,0,0,441,6.089044875,0,
340,36,1,1,0,0,0,0,0,0,440,6.086774727,0,
340,37,1,1,0,0,0,0,0,0,451,6.11146734,0,
340,38,1,1,0,0,0,0,0,0,453,6.115892125,0,
340,39,1,1,0,0,0,0,0,0,430,6.063785209,0,
340,40,1,1,0,0,0,0,0,0,449,6.107022888,0,
340,41,1,1,0,0,0,0,0,0,454,6.118097198,0,
340,42,1,1,0,0,0,0,0,0,460,6.131226489,0,
340,43,1,1,0,0,0,0,0,0,445,6.098074282,0,
340,44,1,1,0,0,0,0,0,0,450,6.109247583,0,
340,45,1,1,0,0,0,0,0,0,430,6.063785209,0,
340,46,1,1,0,0,0,0,0,0,430,6.063785209,0,
340,47,1,1,0,0,0,0,0,0,435,6.075346031,0,
340,48,1,1,0,0,0,0,0,0,451,6.11146734,0,
340,49,1,1,0,0,0,0,0,0,444,6.095824562,0,
340,50,1,1,0,0,0,0,0,0,443,6.09356977,0,
341,1,1,1,0,0,0,0,0,0,455,6.120297419,0,
341,2,1,1,0,0,0,0,0,0,440,6.086774727,0,
341,3,1,1,0,0,0,0,0,0,443,6.09356977,0,
341,4,1,1,0,0,0,0,0,0,454,6.118097198,0,
341,5,1,1,0,0,0,0,0,0,435,6.075346031,0,
341,6,1,1,0,0,0,0,0,0,455,6.120297419,0,
341,7,1,1,0,0,0,0,0,0,436,6.077642243,0,
341,8,1,1,0,0,0,0,0,0,448,6.104793232,0,
341,9,1,1,0,0,0,0,0,0,448,6.104793232,0,
341,10,1,1,0,0,0,0,0,0,455,6.120297419,0,
341,11,1,1,0,0,0,0,0,0,433,6.070737728,0,
341,12,1,1,0,0,0,0,0,0,459,6.12905021,0,
341,13,1,1,0,0,0,0,0,0,453,6.115892125,0,
341,14,1,1,0,0,0,0,0,0,453,6.115892125,0,
341,15,1,1,0,0,0,0,0,0,457,6.124683391,0,
341,16,1,1,0,0,0,0,0,0,452,6.11368218,0,
341,17,1,1,0,0,0,0,0,0,437,6.079933195,0,
341,18,1,1,0,0,0,0,0,0,442,6.091309882,0,
341,19,1,1,0,0,0,0,0,0,448,6.104793232,0,
341,20,1,1,0,0,0,0,0,0,437,6.079933195,0,
341,21,1,1,0,0,0,0,0,0,456,6.12249281,0,
341,22,1,1,0,0,0,0,0,0,460,6.131226489,0,
341,23,1,1,0,0,0,0,0,0,432,6.068425588,0,
341,24,1,1,0,0,0,0,0,0,459,6.12905021,0,
341,25,1,1,0,0,0,0,0,0,439,6.084499413,0,
341,26,1,1,0,0,0,0,0,0,458,6.126869184,0,
341,27,1,1,0,0,0,0,0,0,440,6.086774727,0,
341,28,1,1,0,0,0,0,0,0,434,6.073044534,0,
341,29,1,1,0,0,0,0,0,0,445,6.098074282,0,
341,30,1,1,0,0,0,0,0,0,456,6.12249281,0,
341,31,1,1,0,0,0,0,0,0,440,6.086774727,0,
341,32,1,1,0,0,0,0,0,0,443,6.09356977,0,
341,33,1,1,0,0,0,0,0,0,443,6.09356977,0,
341,34,1,1,0,0,0,0,0,0,456,6.12249281,0,
341,35,1,1,0,0,0,0,0,0,439,6.084499413,0,
341,36,1,1,0,0,0,0,0,0,431,6.06610809,0,
341,37,1,1,0,0,0,0,0,0,430,6.063785209,0,
341,38,1,1,0,0,0,0,0,0,445,6.098074282,0,
341,39,1,1,0,0,0,0,0,0,438,6.08221891,0,
341,40,1,1,0,0,0,0,0,0,451,6.11146734,0,
341,41,1,1,0,0,0,0,0,0,432,6.068425588,0,
341,42,1,1,0,0,0,0,0,0,458,6.126869184,0,
341,43,1,1,0,0,0,0,0,0,431,6.06610809,0,
341,44,1,1,0,0,0,0,0,0,431,6.06610809,0,
341,45,1,1,0,0,0,0,0,0,430,6.063785209,0,
341,46,1,1,0,0,0,0,0,0,447,6.102558595,0,
341,47,1,1,0,0,0,0,0,0,454,6.118097198,0,
341,48,1,1,0,0,0,0,0,0,446,6.100318952,0,
341,49,1,1,0,0,0,0,0,0,439,6.084499413,0,
341,50,1,1,0,0,0,0,0,0,430,6.063785209,0,
342,1,1,2,0,0,0,0,0,0,460,6.131226489,0,
342,2,1,2,0,0,0,0,0,0,463,6.137727054,0,
342,3,1,2,0,0,0,0,0,0,439,6.084499413,0,
342,4,1,2,0,0,0,0,0,0,462,6.135564891,0,
342,5,1,2,0,0,0,0,0,0,437,6.079933195,0,
342,6,1,2,0,0,0,0,0,0,463,6.137727054,0,
342,7,1,2,0,0,0,0,0,0,432,6.068425588,0,
342,8,1,2,0,0,0,0,0,0,438,6.08221891,0,
342,9,1,2,0,0,0,0,0,0,431,6.06610809,0,
342,10,1,2,0,0,0,0,0,0,442,6.091309882,0,
342,11,1,2,0,0,0,0,0,0,454,6.118097198,0,
342,12,1,2,0,0,0,0,0,0,432,6.068425588,0,
342,13,1,2,0,0,0,0,0,0,442,6.091309882,0,
342,14,1,2,0,0,0,0,0,0,446,6.100318952,0,
342,15,1,2,0,0,0,0,0,0,433,6.070737728,0,
342,16,1,2,0,0,0,0,0,0,458,6.126869184,0,
342,17,1,2,0,0,0,0,0,0,432,6.068425588,0,
342,18,1,2,0,0,0,0,0,0,462,6.135564891,0,
342,19,1,2,0,0,0,0,0,0,435,6.075346031,0,
342,20,1,2,0,0,0,0,0,0,451,6.11146734,0,
342,21,1,2,0,0,0,0,0,0,455,6.120297419,0,
342,22,1,2,0,0,0,0,0,0,437,6.079933195,0,
342,23,1,2,0,0,0,0,0,0,452,6.11368218,0,
342,24,1,2,0,0,0,0,0,0,434,6.073044534,0,
342,25,1,2,0,0,0,0,0,0,439,6.084499413,0,
342,26,1,2,0,0,0,0,0,0,457,6.124683391,0,
342,27,1,2,0,0,0,0,0,0,449,6.107022888,0,
342,28,1,2,0,0,0,0,0,0,429,6.061456919,0,
342,29,1,2,0,0,0,0,0,0,429,6.061456919,0,
342,30,1,2,0,0,0,0,0,0,439,6.084499413,0,
342,31,1,2,0,0,0,0,0,0,428,6.059123196,0,
342,32,1,2,0,0,0,0,0,0,460,6.131226489,0,
342,33,1,2,0,0,0,0,0,0,450,6.109247583,0,
342,34,1,2,0,0,0,0,0,0,453,6.115892125,0,
342,35,1,2,0,0,0,0,0,0,428,6.059123196,0,
342,36,1,2,0,0,0,0,0,0,445,6.098074282,0,
342,37,1,2,0,0,0,0,0,0,465,6.142037406,0,
342,38,1,2,0,0,0,0,0,0,446,6.100318952,0,
342,39,1,2,0,0,0,0,0,0,442,6.091309882,0,
342,40,1,2,0,0,0,0,0,0,436,6.077642243,0,
342,41,1,2,0,0,0,0,0,0,447,6.102558595,0,
342,42,1,2,0,0,0,0,0,0,443,6.09356977,0,
342,43,1,2,0,0,0,0,0,0,433,6.070737728,0,
342,44,1,2,0,0,0,0,0,0,442,6.091309882,0,
342,45,1,2,0,0,0,0,0,0,442,6.091309882,0,
342,46,1,2,0,0,0,0,0,0,463,6.137727054,0,
342,47,1,2,0,0,0,0,0,0,443,6.09356977,0,
342,48,1,2,0,0,0,0,0,0,448,6.104793232,0,
342,49,1,2,0,0,0,0,0,0,433,6.070737728,0,
342,50,1,2,0,0,0,0,0,0,436,6.077642243,0,
343,1,1,2,0,0,0,0,0,0,459,6.12905021,0,
343,2,1,2,0,0,0,0,0,0,430,6.063785209,0,
343,3,1,2,0,0,0,0,0,0,443,6.09356977,0,
343,4,1,2,0,0,0,0,0,0,451,6.11146734,0,
343,5,1,2,0,0,0,0,0,0,435,6.075346031,0,
343,6,1,2,0,0,0,0,0,0,438,6.08221891,0,
343,7,1,2,0,0,0,0,0,0,434,6.073044534,0,
343,8,1,2,0,0,0,0,0,0,428,6.059123196,0,
343,9,1,2,0,0,0,0,0,0,453,6.115892125,0,
343,10,1,2,0,0,0,0,0,0,442,6.091309882,0,
343,11,1,2,0,0,0,0,0,0,460,6.131226489,0,
343,12,1,2,0,0,0,0,0,0,461,6.133398043,0,
343,13,1,2,0,0,0,0,0,0,455,6.120297419,0,
343,14,1,2,0,0,0,0,0,0,465,6.142037406,0,
343,15,1,2,0,0,0,0,0,0,452,6.11368218,0,
343,16,1,2,0,0,0,0,0,0,448,6.104793232,0,
343,17,1,2,0,0,0,0,0,0,445,6.098074282,0,
343,18,1,2,0,0,0,0,0,0,462,6.135564891,0,
343,19,1,2,0,0,0,0,0,0,454,6.118097198,0,
343,20,1,2,0,0,0,0,0,0,437,6.079933195,0,
343,21,1,2,0,0,0,0,0,0,458,6.126869184,0,
343,22,1,2,0,0,0,0,0,0,446,6.100318952,0,
343,23,1,2,0,0,0,0,0,0,435,6.075346031,0,
343,24,1,2,0,0,0,0,0,0,441,6.089044875,0,
343,25,1,2,0,0,0,0,0,0,464,6.139884552,0,
343,26,1,2,0,0,0,0,0,0,449,6.107022888,0,
343,27,1,2,0,0,0,0,0,0,456,6.12249281,0,
343,28,1,2,0,0,0,0,0,0,461,6.133398043,0,
343,29,1,2,0,0,0,0,0,0,451,6.11146734,0,
343,30,1,2,0,0,0,0,0,0,446,6.100318952,0,
343,31,1,2,0,0,0,0,0,0,431,6.06610809,0,
343,32,1,2,0,0,0,0,0,0,453,6.115892125,0,
343,33,1,2,0,0,0,0,0,0,441,6.089044875,0,
343,34,1,2,0,0,0,0,0,0,457,6.124683391,0,
343,35,1,2,0,0,0,0,0,0,440,6.086774727,0,
343,36,1,2,0,0,0,0,0,0,437,6.079933195,0,
343,37,1,2,0,0,0,0,0,0,465,6.142037406,0,
343,38,1,2,0,0,0,0,0,0,462,6.135564891,0,
343,39,1,2,0,0,0,0,0,0,435,6.075346031,0,
343,40,1,2,0,0,0,0,0,0,431,6.06610809,0,
343,41,1,2,0,0,0,0,0,0,439,6.084499413,0,
343,42,1,2,0,0,0,0,0,0,428,6.059123196,0,
343,43,1,2,0,0,0,0,0,0,455,6.120297419,0,
343,44,1,2,0,0,0,0,0,0,458,6.126869184,0,
343,45,1,2,0,0,0,0,0,0,450,6.109247583,0,
343,46,1,2,0,0,0,0,0,0,459,6.12905021,0,
343,47,1,2,0,0,0,0,0,0,441,6.089044875,0,
343,48,1,2,0,0,0,0,0,0,439,6.084499413,0,
343,49,1,2,0,0,0,0,0,0,446,6.100318952,0,
343,50,1,2,0,0,0,0,0,0,459,6.12905021,0,
344,1,1,2,0,0,0,0,0,0,433,6.070737728,0,
344,2,1,2,0,0,0,0,0,0,463,6.137727054,0,
344,3,1,2,0,0,0,0,0,0,429,6.061456919,0,
344,4,1,2,0,0,0,0,0,0,435,6.075346031,0,
344,5,1,2,0,0,0,0,0,0,441,6.089044875,0,
344,6,1,2,0,0,0,0,0,0,438,6.08221891,0,
344,7,1,2,0,0,0,0,0,0,428,6.059123196,0,
344,8,1,2,0,0,0,0,0,0,430,6.063785209,0,
344,9,1,2,0,0,0,0,0,0,458,6.126869184,0,
344,10,1,2,0,0,0,0,0,0,458,6.126869184,0,
344,11,1,2,0,0,0,0,0,0,458,6.126869184,0,
344,12,1,2,0,0,0,0,0,0,433,6.070737728,0,
344,13,1,2,0,0,0,0,0,0,452,6.11368218,0,
344,14,1,2,0,0,0,0,0,0,461,6.133398043,0,
344,15,1,2,0,0,0,0,0,0,450,6.109247583,0,
344,16,1,2,0,0,0,0,0,0,441,6.089044875,0,
344,17,1,2,0,0,0,0,0,0,455,6.120297419,0,
344,18,1,2,0,0,0,0,0,0,434,6.073044534,0,
344,19,1,2,0,0,0,0,0,0,448,6.104793232,0,
344,20,1,2,0,0,0,0,0,0,464,6.139884552,0,
344,21,1,2,0,0,0,0,0,0,447,6.102558595,0,
344,22,1,2,0,0,0,0,0,0,428,6.059123196,0,
344,23,1,2,0,0,0,0,0,0,448,6.104793232,0,
344,24,1,2,0,0,0,0,0,0,434,6.073044534,0,
344,25,1,2,0,0,0,0,0,0,460,6.131226489,0,
344,26,1,2,0,0,0,0,0,0,438,6.08221891,0,
344,27,1,2,0,0,0,0,0,0,452,6.11368218,0,
344,28,1,2,0,0,0,0,0,0,438,6.08221891,0,
344,29,1,2,0,0,0,0,0,0,454,6.118097198,0,
344,30,1,2,0,0,0,0,0,0,444,6.095824562,0,
344,31,1,2,0,0,0,0,0,0,438,6.08221891,0,
344,32,1,2,0,0,0,0,0,0,463,6.137727054,0,
344,33,1,2,0,0,0,0,0,0,463,6.137727054,0,
344,34,1,2,0,0,0,0,0,0,464,6.139884552,0,
344,35,1,2,0,0,0,0,0,0,444,6.095824562,0,
344,36,1,2,0,0,0,0,0,0,464,6.139884552,0,
344,37,1,2,0,0,0,0,0,0,440,6.086774727,0,
344,38,1,2,0,0,0,0,0,0,442,6.091309882,0,
344,39,1,2,0,0,0,0,0,0,441,6.089044875,0,
344,40,1,2,0,0,0,0,0,0,428,6.059123196,0,
344,41,1,2,0,0,0,0,0,0,431,6.06610809,0,
344,42,1,2,0,0,0,0,0,0,462,6.135564891,0,
344,43,1,2,0,0,0,0,0,0,434,6.073044534,0,
344,44,1,2,0,0,0,0,0,0,439,6.084499413,0,
344,45,1,2,0,0,0,0,0,0,439,6.084499413,0,
344,46,1,2,0,0,0,0,0,0,464,6.139884552,0,
344,47,1,2,0,0,0,0,0,0,449,6.107022888,0,
344,48,1,2,0,0,0,0,0,0,459,6.12905021,0,
344,49,1,2,0,0,0,0,0,0,461,6.133398043,0,
344,50,1,2,0,0,0,0,0,0,446,6.100318952,0,
345,1,1,2,0,0,0,0,0,0,465,6.142037406,0,
345,2,1,2,0,0,0,0,0,0,437,6.079933195,0,
345,3,1,2,0,0,0,0,0,0,443,6.09356977,0,
345,4,1,2,0,0,0,0,0,0,447,6.102558595,0,
345,5,1,2,0,0,0,0,0,0,446,6.100318952,0,
345,6,1,2,0,0,0,0,0,0,447,6.102558595,0,
345,7,1,2,0,0,0,0,0,0,428,6.059123196,0,
345,8,1,2,0,0,0,0,0,0,436,6.077642243,0,
345,9,1,2,0,0,0,0,0,0,460,6.131226489,0,
345,10,1,2,0,0,0,0,0,0,447,6.102558595,0,
345,11,1,2,0,0,0,0,0,0,428,6.059123196,0,
345,12,1,2,0,0,0,0,0,0,432,6.068425588,0,
345,13,1,2,0,0,0,0,0,0,444,6.095824562,0,
345,14,1,2,0,0,0,0,0,0,449,6.107022888,0,
345,15,1,2,0,0,0,0,0,0,461,6.133398043,0,
345,16,1,2,0,0,0,0,0,0,431,6.06610809,0,
345,17,1,2,0,0,0,0,0,0,459,6.12905021,0,
345,18,1,2,0,0,0,0,0,0,448,6.104793232,0,
345,19,1,2,0,0,0,0,0,0,451,6.11146734,0,
345,20,1,2,0,0,0,0,0,0,448,6.104793232,0,
345,21,1,2,0,0,0,0,0,0,464,6.139884552,0,
345,22,1,2,0,0,0,0,0,0,462,6.135564891,0,
345,23,1,2,0,0,0,0,0,0,443,6.09356977,0,
345,24,1,2,0,0,0,0,0,0,442,6.091309882,0,
345,25,1,2,0,0,0,0,0,0,464,6.139884552,0,
345,26,1,2,0,0,0,0,0,0,429,6.061456919,0,
345,27,1,2,0,0,0,0,0,0,453,6.115892125,0,
345,28,1,2,0,0,0,0,0,0,433,6.070737728,0,
345,29,1,2,0,0,0,0,0,0,452,6.11368218,0,
345,30,1,2,0,0,0,0,0,0,429,6.061456919,0,
345,31,1,2,0,0,0,0,0,0,432,6.068425588,0,
345,32,1,2,0,0,0,0,0,0,435,6.075346031,0,
345,33,1,2,0,0,0,0,0,0,433,6.070737728,0,
345,34,1,2,0,0,0,0,0,0,437,6.079933195,0,
345,35,1,2,0,0,0,0,0,0,465,6.142037406,0,
345,36,1,2,0,0,0,0,0,0,431,6.06610809,0,
345,37,1,2,0,0,0,0,0,0,432,6.068425588,0,
345,38,1,2,0,0,0,0,0,0,444,6.095824562,0,
345,39,1,2,0,0,0,0,0,0,452,6.11368218,0,
345,40,1,2,0,0,0,0,0,0,455,6.120297419,0,
345,41,1,2,0,0,0,0,0,0,437,6.079933195,0,
345,42,1,2,0,0,0,0,0,0,429,6.061456919,0,
345,43,1,2,0,0,0,0,0,0,452,6.11368218,0,
345,44,1,2,0,0,0,0,0,0,451,6.11146734,0,
345,45,1,2,0,0,0,0,0,0,449,6.107022888,0,
345,46,1,2,0,0,0,0,0,0,462,6.135564891,0,
345,47,1,2,0,0,0,0,0,0,434,6.073044534,0,
345,48,1,2,0,0,0,0,0,0,462,6.135564891,0,
345,49,1,2,0,0,0,0,0,0,463,6.137727054,0,
345,50,1,2,0,0,0,0,0,0,433,6.070737728,0,
346,1,1,2,0,0,0,0,0,0,455,6.120297419,0,
346,2,1,2,0,0,0,0,0,0,436,6.077642243,0,
346,3,1,2,0,0,0,0,0,0,450,6.109247583,0,
346,4,1,2,0,0,0,0,0,0,431,6.06610809,0,
346,5,1,2,0,0,0,0,0,0,457,6.124683391,0,
346,6,1,2,0,0,0,0,0,0,442,6.091309882,0,
346,7,1,2,0,0,0,0,0,0,444,6.095824562,0,
346,8,1,2,0,0,0,0,0,0,462,6.135564891,0,
346,9,1,2,0,0,0,0,0,0,433,6.070737728,0,
346,10,1,2,0,0,0,0,0,0,461,6.133398043,0,
346,11,1,2,0,0,0,0,0,0,464,6.139884552,0,
346,12,1,2,0,0,0,0,0,0,451,6.11146734,0,
346,13,1,2,0,0,0,0,0,0,434,6.073044534,0,
346,14,1,2,0,0,0,0,0,0,431,6.06610809,0,
346,15,1,2,0,0,0,0,0,0,443,6.09356977,0,
346,16,1,2,0,0,0,0,0,0,458,6.126869184,0,
346,17,1,2,0,0,0,0,0,0,450,6.109247583,0,
346,18,1,2,0,0,0,0,0,0,437,6.079933195,0,
346,19,1,2,0,0,0,0,0,0,455,6.120297419,0,
346,20,1,2,0,0,0,0,0,0,465,6.142037406,0,
346,21,1,2,0,0,0,0,0,0,444,6.095824562,0,
346,22,1,2,0,0,0,0,0,0,464,6.139884552,0,
346,23,1,2,0,0,0,0,0,0,428,6.059123196,0,
346,24,1,2,0,0,0,0,0,0,428,6.059123196,0,
346,25,1,2,0,0,0,0,0,0,433,6.070737728,0,
346,26,1,2,0,0,0,0,0,0,436,6.077642243,0,
346,27,1,2,0,0,0,0,0,0,457,6.124683391,0,
346,28,1,2,0,0,0,0,0,0,428,6.059123196,0,
346,29,1,2,0,0,0,0,0,0,455,6.120297419,0,
346,30,1,2,0,0,0,0,0,0,447,6.102558595,0,
346,31,1,2,0,0,0,0,0,0,459,6.12905021,0,
346,32,1,2,0,0,0,0,0,0,443,6.09356977,0,
346,33,1,2,0,0,0,0,0,0,450,6.109247583,0,
346,34,1,2,0,0,0,0,0,0,432,6.068425588,0,
346,35,1,2,0,0,0,0,0,0,436,6.077642243,0,
346,36,1,2,0,0,0,0,0,0,447,6.102558595,0,
346,37,1,2,0,0,0,0,0,0,428,6.059123196,0,
346,38,1,2,0,0,0,0,0,0,452,6.11368218,0,
346,39,1,2,0,0,0,0,0,0,435,6.075346031,0,
346,40,1,2,0,0,0,0,0,0,428,6.059123196,0,
346,41,1,2,0,0,0,0,0,0,441,6.089044875,0,
346,42,1,2,0,0,0,0,0,0,428,6.059123196,0,
346,43,1,2,0,0,0,0,0,0,465,6.142037406,0,
346,44,1,2,0,0,0,0,0,0,438,6.08221891,0,
346,45,1,2,0,0,0,0,0,0,429,6.061456919,0,
346,46,1,2,0,0,0,0,0,0,442,6.091309882,0,
346,47,1,2,0,0,0,0,0,0,441,6.089044875,0,
346,48,1,2,0,0,0,0,0,0,462,6.135564891,0,
346,49,1,2,0,0,0,0,0,0,436,6.077642243,0,
346,50,1,2,0,0,0,0,0,0,439,6.084499413,0,
347,1,1,2,0,0,0,0,0,0,464,6.139884552,0,
347,2,1,2,0,0,0,0,0,0,460,6.131226489,0,
347,3,1,2,0,0,0,0,0,0,430,6.063785209,0,
347,4,1,2,0,0,0,0,0,0,450,6.109247583,0,
347,5,1,2,0,0,0,0,0,0,431,6.06610809,0,
347,6,1,2,0,0,0,0,0,0,432,6.068425588,0,
347,7,1,2,0,0,0,0,0,0,445,6.098074282,0,
347,8,1,2,0,0,0,0,0,0,453,6.115892125,0,
347,9,1,2,0,0,0,0,0,0,433,6.070737728,0,
347,10,1,2,0,0,0,0,0,0,436,6.077642243,0,
347,11,1,2,0,0,0,0,0,0,453,6.115892125,0,
347,12,1,2,0,0,0,0,0,0,460,6.131226489,0,
347,13,1,2,0,0,0,0,0,0,436,6.077642243,0,
347,14,1,2,0,0,0,0,0,0,445,6.098074282,0,
347,15,1,2,0,0,0,0,0,0,460,6.131226489,0,
347,16,1,2,0,0,0,0,0,0,442,6.091309882,0,
347,17,1,2,0,0,0,0,0,0,447,6.102558595,0,
347,18,1,2,0,0,0,0,0,0,459,6.12905021,0,
347,19,1,2,0,0,0,0,0,0,447,6.102558595,0,
347,20,1,2,0,0,0,0,0,0,448,6.104793232,0,
347,21,1,2,0,0,0,0,0,0,438,6.08221891,0,
347,22,1,2,0,0,0,0,0,0,436,6.077642243,0,
347,23,1,2,0,0,0,0,0,0,443,6.09356977,0,
347,24,1,2,0,0,0,0,0,0,443,6.09356977,0,
347,25,1,2,0,0,0,0,0,0,453,6.115892125,0,
347,26,1,2,0,0,0,0,0,0,444,6.095824562,0,
347,27,1,2,0,0,0,0,0,0,437,6.079933195,0,
347,28,1,2,0,0,0,0,0,0,443,6.09356977,0,
347,29,1,2,0,0,0,0,0,0,457,6.124683391,0,
347,30,1,2,0,0,0,0,0,0,445,6.098074282,0,
347,31,1,2,0,0,0,0,0,0,458,6.126869184,0,
347,32,1,2,0,0,0,0,0,0,436,6.077642243,0,
347,33,1,2,0,0,0,0,0,0,456,6.12249281,0,
347,34,1,2,0,0,0,0,0,0,433,6.070737728,0,
347,35,1,2,0,0,0,0,0,0,431,6.06610809,0,
347,36,1,2,0,0,0,0,0,0,433,6.070737728,0,
347,37,1,2,0,0,0,0,0,0,444,6.095824562,0,
347,38,1,2,0,0,0,0,0,0,439,6.084499413,0,
347,39,1,2,0,0,0,0,0,0,428,6.059123196,0,
347,40,1,2,0,0,0,0,0,0,431,6.06610809,0,
347,41,1,2,0,0,0,0,0,0,463,6.137727054,0,
347,42,1,2,0,0,0,0,0,0,456,6.12249281,0,
347,43,1,2,0,0,0,0,0,0,436,6.077642243,0,
347,44,1,2,0,0,0,0,0,0,428,6.059123196,0,
347,45,1,2,0,0,0,0,0,0,432,6.068425588,0,
347,46,1,2,0,0,0,0,0,0,455,6.120297419,0,
347,47,1,2,0,0,0,0,0,0,437,6.079933195,0,
347,48,1,2,0,0,0,0,0,0,434,6.073044534,0,
347,49,1,2,0,0,0,0,0,0,438,6.08221891,0,
347,50,1,2,0,0,0,0,0,0,455,6.120297419,0,
